p19x p19y p20x p20y p21x p21y p22x p22y p23x p23y p24x p24y p25x p25y p26x p26y p27x p27y p28x p28y p29x p29y status
142 260 152 253 164 254 174 262 163 266 152 266 233 266 244 266 256 260 266 269 256 273 0
142 261 152 253 164 254 174 262 163 267 152 267 233 267 244 267 257 259 266 270 255 274 1
143 261 152 253 165 253 175 262 164 267 153 267 232 267 243 267 256 259 265 270 254 274 1
143 261 153 253 166 254 176 262 165 267 153 267 234 267 244 267 258 259 268 270 256 274 1
146 263 156 255 168 256 179 264 168 268 157 269 236 268 247 268 259 262 269 272 258 276 1
146 263 155 255 168 255 179 263 167 268 156 268 236 269 247 269 260 262 270 273 259 276 1
145 263 155 256 168 256 179 264 167 268 156 269 235 269 247 269 260 263 270 273 258 276 1
144 263 154 254 167 255 178 264 166 268 154 268 234 269 245 269 259 261 269 272 257 275 1
143 262 153 254 166 254 177 264 165 268 153 268 233 269 244 269 257 261 267 272 256 276 1
143 262 153 254 166 255 177 263 165 268 153 268 233 268 244 268 257 260 267 271 256 275 1
142 262 152 255 165 255 176 264 164 268 153 269 233 269 244 269 257 261 267 271 256 275 1
142 263 152 255 165 256 176 264 164 268 152 269 232 268 243 268 256 261 266 272 255 275 1
142 263 151 255 164 256 175 264 164 268 152 269 232 268 243 268 256 261 266 271 255 275 1
144 265 153 257 166 258 177 265 166 268 154 269 234 269 245 269 258 264 268 273 257 275 1
155 266 164 263 175 262 185 265 175 268 165 268 245 272 255 272 265 273 275 279 265 279 0
147 262 157 256 169 256 181 264 169 267 157 266 236 271 248 271 260 267 269 276 258 278 0
143 258 153 250 164 251 175 258 164 261 153 261 231 265 242 265 254 261 262 270 252 272 0
126 261 136 255 148 255 158 261 148 264 137 264 214 265 224 265 235 261 244 268 234 270 0
116 266 125 258 139 258 150 266 139 270 127 271 205 268 217 268 230 260 240 269 228 272 1
123 268 133 259 146 260 157 268 145 272 133 272 214 271 224 271 238 262 249 272 237 275 1
122 267 132 260 145 260 157 268 145 272 133 273 212 271 224 271 237 263 247 273 235 277 1
121 270 130 262 143 262 155 270 143 274 132 274 212 271 223 271 236 265 246 274 234 277 1
121 270 130 263 143 263 154 270 143 274 131 275 212 272 223 272 236 265 246 274 235 277 1
122 272 131 264 143 264 155 272 143 276 132 276 212 274 223 274 236 267 246 276 234 279 1
120 272 129 265 142 265 154 273 142 276 130 277 210 274 221 274 234 268 244 276 232 279 1
118 272 127 264 141 264 152 272 140 277 128 277 209 274 220 274 234 267 244 277 232 280 1
119 272 128 263 142 264 154 273 142 276 129 277 209 274 220 274 234 266 245 276 233 279 1
119 272 128 264 141 264 153 273 141 277 129 278 210 274 220 274 234 266 245 276 233 280 1
119 273 129 266 141 266 153 273 141 277 130 278 210 275 221 275 235 269 244 277 233 281 1
121 272 131 264 144 264 156 273 144 277 132 278 212 275 223 275 237 268 247 277 235 281 1
122 273 132 265 145 265 156 274 145 278 133 279 212 276 224 276 238 268 248 278 236 282 1
122 272 132 264 145 264 157 272 145 277 133 277 214 275 225 275 239 267 250 277 238 280 1
123 265 132 264 145 263 158 264 146 267 133 268 216 266 226 266 238 268 248 273 237 273 0
125 256 135 248 148 248 160 255 148 259 136 260 216 259 227 259 241 253 251 263 240 266 1
129 252 139 243 152 244 163 251 152 255 140 256 218 255 230 255 243 249 253 258 242 261 1
133 252 143 245 155 245 167 251 155 255 143 256 222 255 234 255 246 250 256 259 246 261 0
136 256 146 254 157 253 168 255 158 259 147 260 229 258 239 258 250 258 260 265 249 266 0
160 268 170 267 182 266 192 266 182 270 171 271 254 271 264 271 274 274 282 278 273 278 0
175 278 185 281 196 280 207 276 197 280 185 281 262 283 271 283 280 291 289 292 280 291 0
173 274 183 274 194 273 205 273 195 276 184 276 261 279 270 279 280 284 289 286 280 287 0
172 277 183 276 194 274 205 277 194 281 183 282 261 285 271 285 282 286 291 290 281 292 0
158 276 169 278 180 277 190 277 180 282 169 282 249 283 258 283 268 288 276 291 267 292 0
146 267 157 262 169 262 179 269 168 273 157 273 237 277 249 277 261 273 270 281 259 283 1
142 267 151 260 164 260 174 269 163 273 152 272 233 276 244 276 257 270 266 280 255 283 1
140 264 150 257 163 258 173 267 162 271 150 270 231 275 242 275 255 269 265 278 254 282 1
138 264 148 257 161 258 171 267 160 271 148 270 229 274 240 274 253 268 262 277 251 281 1
135 266 144 259 157 259 168 267 157 271 145 271 225 273 236 273 249 268 259 277 248 280 1
137 266 146 259 159 260 169 268 158 272 147 272 227 274 238 274 251 268 260 277 249 281 1
139 265 149 258 161 259 171 267 160 271 149 270 229 274 240 274 252 269 261 277 251 281 1
139 261 149 254 162 255 172 265 160 267 149 266 229 272 240 272 253 268 262 278 250 280 1
139 259 149 252 162 254 172 263 160 266 149 265 226 272 238 272 251 269 261 279 249 281 1
140 257 151 251 163 253 173 262 161 265 150 264 228 272 240 272 252 268 261 278 249 280 1
139 258 150 252 162 254 171 263 160 266 149 265 227 272 240 272 252 269 260 279 248 281 1
135 260 146 254 158 255 167 264 156 267 145 266 224 272 236 272 249 268 258 278 246 280 1
137 263 147 260 158 260 168 265 158 267 146 267 225 273 237 273 248 274 256 281 246 281 0
133 266 143 259 154 259 165 266 154 270 143 270 222 272 233 272 245 267 254 276 243 278 0
112 270 122 262 134 261 145 268 135 273 123 275 202 268 212 268 226 260 236 268 225 272 1
106 273 115 265 128 264 139 271 128 277 117 278 195 269 206 269 219 260 230 268 219 272 1
102 274 111 266 124 265 136 272 124 277 113 279 192 269 202 269 216 260 227 269 215 273 1
101 275 111 267 124 266 136 273 125 279 112 280 192 270 203 270 217 260 228 269 217 273 1
102 275 112 266 125 266 137 274 125 278 113 280 193 270 203 270 217 260 228 269 217 274 1
103 280 113 277 124 275 135 276 124 279 113 282 194 272 204 272 217 270 226 273 216 275 0
102 277 112 270 125 269 136 275 125 280 113 281 193 272 204 272 217 264 227 271 216 275 0
104 275 113 266 126 265 138 273 127 278 115 280 194 270 204 270 218 261 228 269 217 274 1
106 275 115 271 127 269 138 271 127 275 116 277 196 268 206 268 218 266 229 270 218 272 0
110 270 119 265 131 264 142 266 132 271 120 273 199 265 210 265 223 261 233 267 222 269 0
115 266 125 258 137 257 148 263 137 268 126 269 203 263 214 263 227 257 236 264 226 268 1
119 262 128 254 140 254 152 260 141 264 129 265 206 260 217 260 230 254 239 262 229 265 1
122 260 132 252 145 251 156 259 145 263 133 264 210 261 222 261 235 254 244 263 233 266 1
132 259 142 252 153 252 163 257 154 262 143 262 220 261 230 261 242 257 250 266 240 268 0
142 259 152 251 164 251 174 259 163 263 152 263 229 265 240 265 252 260 261 270 251 272 0
122 260 132 249 146 249 157 258 146 263 134 263 211 262 223 262 237 252 246 263 236 266 1
114 263 125 251 139 250 151 260 140 265 126 266 204 261 216 261 231 250 241 263 230 266 1
114 263 124 251 139 250 151 261 139 266 126 267 204 262 216 262 231 251 241 263 230 267 1
117 263 127 251 142 251 154 261 142 266 129 267 208 262 219 262 234 252 244 263 233 267 1
118 263 128 251 144 251 156 262 143 267 130 267 208 263 219 263 235 252 245 265 234 268 1
120 265 129 256 142 256 154 263 142 267 131 268 207 265 219 265 232 257 243 266 231 270 1
121 264 130 256 143 256 155 263 143 267 132 268 209 265 220 265 233 257 243 266 232 269 1
123 264 132 257 145 256 156 263 145 267 134 268 210 265 222 265 234 258 245 267 233 270 1
123 267 132 266 143 264 154 263 144 266 133 268 210 265 220 265 231 267 241 270 231 269 0
122 267 132 260 144 260 155 265 144 269 133 270 211 267 222 267 234 262 244 270 233 273 0
123 268 133 262 145 261 157 268 145 272 133 272 215 270 225 270 238 264 248 273 237 275 1
127 271 137 265 150 264 161 272 149 276 137 277 219 275 229 275 243 268 253 278 241 281 1
129 276 139 268 152 268 163 277 151 282 140 282 221 281 231 281 245 272 254 282 244 286 1
126 279 136 272 150 271 161 280 149 284 137 285 217 284 228 284 242 275 252 285 241 289 1
125 279 136 272 149 271 160 280 148 285 136 285 217 284 227 284 241 275 251 284 240 289 1
125 280 135 273 149 272 160 280 148 285 136 286 218 284 228 284 242 276 252 285 241 290 1
125 280 135 272 148 272 159 281 148 286 136 286 216 285 227 285 241 277 251 286 239 291 1
126 279 136 272 150 271 160 280 148 285 137 285 218 284 228 284 242 276 252 286 241 290 1
128 279 138 271 152 271 162 281 150 286 138 286 220 286 230 286 245 276 255 286 244 291 1
130 281 139 277 151 276 161 281 151 285 140 285 220 285 230 285 243 282 252 288 242 291 0
122 285 132 281 143 281 153 285 143 288 132 289 214 289 226 289 237 286 247 292 236 295 0
119 295 130 289 143 288 155 294 143 300 131 300 213 297 224 297 237 290 248 299 236 303 0
135 305 145 298 158 297 168 303 157 307 146 307 229 305 239 305 252 299 262 306 251 309 0
158 297 170 288 184 289 195 299 183 304 170 303 256 304 267 304 282 295 293 306 281 311 1
159 296 171 288 185 290 197 300 184 305 170 304 256 304 269 304 284 295 294 305 283 311 0
151 259 161 253 173 254 184 261 173 265 161 265 237 264 249 264 262 258 274 264 262 270 0
181 243 190 237 202 238 212 246 202 250 190 249 266 249 277 249 290 243 299 251 289 256 0
135 230 148 225 161 225 173 231 161 234 148 234 216 235 228 235 239 230 248 236 239 239 0
134 237 143 230 155 230 165 238 155 242 144 243 224 241 234 241 246 235 255 244 245 247 1
134 237 143 230 154 230 165 238 154 242 144 243 223 242 233 242 245 236 254 245 243 248 1
130 240 139 233 151 233 162 240 151 245 140 245 217 244 228 244 241 238 250 247 239 251 1
131 242 140 235 153 235 163 243 152 247 141 247 219 247 230 247 242 242 250 251 240 254 1
132 244 141 236 154 236 165 245 154 249 142 249 220 248 231 248 244 242 253 252 242 255 1
129 244 138 238 151 237 161 245 150 249 139 250 217 248 228 248 242 242 252 251 240 254 1
125 244 134 239 146 239 157 245 146 249 135 249 213 247 223 247 236 242 245 250 234 253 0
123 242 133 235 146 235 156 243 145 247 134 247 211 247 222 247 235 240 245 249 234 253 1
115 242 125 235 136 236 146 243 136 248 125 248 204 246 214 246 226 239 235 247 225 251 1
116 244 126 236 138 236 149 243 138 248 127 249 204 245 215 245 228 239 236 247 226 251 1
126 245 135 237 147 237 157 245 147 249 136 250 214 247 224 247 237 241 245 250 235 253 1
123 244 132 236 145 236 156 245 145 249 133 250 212 247 222 247 236 239 245 248 234 252 1
121 244 130 235 143 235 153 245 142 249 131 250 209 247 219 247 233 238 242 249 231 253 1
120 244 129 235 142 235 152 244 141 249 130 250 208 247 218 247 231 238 241 248 230 253 1
121 244 130 235 143 235 153 244 142 249 130 250 209 247 219 247 233 237 242 248 231 252 1
122 244 131 235 144 235 154 245 143 249 132 249 210 247 220 247 233 238 243 249 232 252 1
121 243 130 233 143 234 154 244 143 248 131 248 209 246 220 246 233 236 243 247 232 251 1
120 243 129 234 143 234 154 244 142 248 130 248 210 246 220 246 234 237 245 247 233 251 1
121 244 130 236 143 235 154 244 143 249 131 250 209 247 219 247 232 239 242 248 231 253 1
121 244 130 236 143 236 153 245 142 249 131 249 209 248 219 248 232 240 242 250 231 254 1
121 244 130 236 143 236 153 244 142 249 131 249 209 248 219 248 232 239 241 249 231 253 1
122 246 131 241 143 240 153 244 143 249 132 249 210 248 220 248 232 244 241 250 232 253 0
125 243 133 236 145 236 155 243 145 246 134 246 212 246 222 246 234 240 243 248 233 251 0
125 243 133 237 145 237 155 244 145 247 134 247 212 247 222 247 233 241 242 249 232 251 0
123 243 132 236 144 236 154 244 144 248 133 248 212 247 221 247 233 241 242 248 232 251 1
123 243 132 235 144 236 154 243 144 247 133 247 212 246 221 246 234 240 242 248 232 250 1
124 242 133 235 145 234 155 243 145 247 134 247 212 245 222 245 234 239 243 247 233 250 1
124 244 133 237 145 237 155 244 145 249 134 249 212 247 222 247 234 241 243 249 232 253 1
124 244 133 236 145 236 155 243 144 248 134 248 212 246 222 246 234 241 242 249 232 251 1
125 244 133 237 145 237 156 244 145 248 135 248 213 246 223 246 234 241 243 249 233 251 1
127 244 134 239 145 238 155 243 145 245 136 245 213 245 223 245 233 243 241 249 232 248 0
126 242 134 235 146 235 156 242 146 244 136 244 213 244 222 244 233 240 242 248 232 247 0
125 242 134 234 146 234 156 242 146 246 135 246 213 243 223 243 235 239 243 247 233 247 0
126 242 135 234 146 234 157 242 147 245 136 246 214 244 224 244 235 239 244 247 234 248 0
125 242 134 234 146 234 156 242 146 246 135 246 213 244 222 244 234 238 243 247 232 248 0
124 242 133 234 145 234 156 242 145 246 134 246 213 244 222 244 234 238 243 247 233 248 0
126 243 134 234 146 234 156 243 146 247 135 247 214 244 223 244 235 238 243 248 233 249 0
125 243 133 234 146 234 156 243 146 247 135 248 213 245 222 245 235 238 244 247 233 250 1
124 243 133 235 146 235 156 243 146 247 135 247 212 245 222 245 234 239 243 247 233 250 1
128 245 137 239 149 238 159 243 149 248 138 248 216 246 227 246 238 242 247 250 237 252 0
134 245 143 240 154 239 164 244 154 248 144 248 223 247 233 247 244 244 253 251 243 253 0
143 245 152 241 163 241 173 246 163 250 152 250 231 251 241 251 252 249 260 255 251 258 0
136 242 145 241 155 241 165 243 155 244 145 244 224 247 233 247 243 249 252 253 242 252 0
115 239 125 235 135 235 143 238 134 240 125 240 200 242 210 242 219 240 229 244 219 246 0
98 244 109 238 121 237 131 243 121 247 109 248 184 245 195 245 207 238 218 245 207 249 1
95 246 105 238 118 237 129 244 118 249 106 250 183 246 194 246 207 238 218 246 206 250 1
100 243 109 236 121 235 131 242 121 247 110 248 187 243 198 243 210 236 220 244 209 248 1
105 243 115 235 127 234 136 241 126 246 115 247 192 242 203 242 216 235 225 243 215 247 1
110 242 119 234 131 234 142 241 132 246 120 247 197 243 208 243 220 237 229 245 219 249 1
113 243 122 235 134 234 145 242 134 247 124 247 200 245 211 245 224 237 233 246 222 249 1
112 242 122 234 134 234 144 242 134 246 123 247 200 245 211 245 224 238 234 247 223 250 1
111 242 120 233 133 233 144 241 133 246 121 246 198 243 209 243 222 235 233 244 221 248 1
114 239 124 232 136 232 146 240 136 244 125 245 203 242 213 242 226 235 235 244 224 247 1
113 241 122 234 134 234 145 241 135 246 123 247 200 243 211 243 223 237 232 245 222 249 1
109 241 119 234 131 234 142 242 131 246 120 247 198 242 208 242 221 236 231 244 219 248 1
106 243 115 235 128 234 139 242 128 246 117 247 194 241 204 241 217 234 227 243 216 246 1
110 241 120 234 131 233 142 240 132 245 121 246 198 239 208 239 221 234 230 242 219 245 1
118 243 127 235 140 235 150 242 140 247 128 248 205 244 216 244 228 238 237 247 227 250 1
117 241 126 234 137 234 148 241 138 245 127 246 204 243 214 243 227 237 236 246 225 248 1
114 241 122 234 134 234 145 240 134 245 124 246 200 242 210 242 222 236 231 245 221 248 1
112 241 121 233 134 233 145 241 134 246 123 246 199 243 209 243 222 236 231 245 221 249 1
114 241 123 233 135 233 146 241 135 245 124 246 201 242 211 242 224 235 233 244 222 248 1
116 240 125 233 138 233 148 240 137 245 126 245 203 242 213 242 226 236 236 245 225 248 1
116 241 126 233 138 233 149 241 138 245 127 246 205 243 215 243 228 237 237 246 226 249 1
118 240 127 232 139 232 150 240 139 245 128 245 205 242 216 242 229 235 238 245 227 248 1
117 240 126 232 139 232 150 240 139 244 127 245 205 242 215 242 228 235 238 243 227 247 1
117 240 126 232 139 232 149 241 138 245 127 245 205 243 216 243 229 236 238 246 227 249 1
118 240 127 232 140 233 151 241 140 245 128 246 206 243 216 243 229 236 238 245 227 248 1
119 241 128 232 140 233 151 242 140 246 128 246 206 244 216 244 229 236 239 246 227 249 1
119 240 128 232 140 232 151 240 140 245 129 245 205 243 215 243 228 236 237 246 226 249 1
119 240 128 232 140 232 151 241 140 245 129 245 207 243 217 243 230 235 240 245 228 248 1
121 240 130 232 143 232 153 241 142 245 131 245 207 244 218 244 230 237 240 246 229 249 1
121 240 131 231 144 231 154 240 143 245 132 245 209 243 219 243 233 234 243 245 232 248 1
122 240 131 231 145 231 155 240 144 245 132 245 209 243 219 243 233 235 243 245 231 249 1
122 240 131 233 145 233 155 241 144 246 132 246 209 244 219 244 233 236 243 246 231 250 1
122 241 131 233 143 233 154 241 143 246 132 246 209 244 219 244 232 237 242 246 231 250 1
122 241 131 233 144 233 155 241 144 246 132 246 210 245 220 245 233 238 243 247 232 250 1
123 242 132 234 144 234 154 242 144 246 133 247 210 245 220 245 233 238 242 248 232 251 1
123 242 132 235 145 235 156 243 145 248 133 248 211 246 221 246 233 239 243 248 232 251 1
124 242 133 235 146 235 156 242 145 247 134 247 211 245 221 245 234 239 244 247 233 251 1
124 242 133 235 146 235 157 243 146 247 134 248 212 246 222 246 235 239 245 248 234 252 1
125 243 135 236 147 236 157 243 147 248 136 248 213 247 223 247 236 241 245 250 234 253 1
125 243 134 235 146 235 157 244 146 248 135 248 212 247 222 247 235 240 244 250 233 253 1
125 243 134 235 146 235 157 243 146 248 135 248 212 247 222 247 235 240 245 249 234 253 1
125 243 134 235 147 235 157 243 146 247 135 248 213 247 223 247 235 240 245 249 234 252 1
125 243 134 235 147 235 157 243 146 248 135 248 212 247 222 247 235 239 244 248 234 252 1
125 242 134 234 147 234 158 243 147 247 135 247 212 247 222 247 235 239 244 249 233 252 1
126 243 135 235 148 235 159 244 148 248 136 248 213 247 223 247 236 240 246 249 235 253 1
127 242 136 234 149 234 160 243 149 247 137 248 215 247 224 247 237 240 247 249 236 253 1
128 243 137 235 150 235 160 243 149 248 138 248 215 248 225 248 238 240 247 250 237 254 1
127 243 136 234 149 235 160 243 148 248 137 248 215 247 225 247 238 240 247 250 236 253 1
126 242 135 234 148 234 158 243 147 247 136 248 213 247 224 247 237 239 246 249 236 253 1
126 243 136 235 149 235 159 244 148 248 137 248 214 247 225 247 238 240 247 250 236 254 1
127 243 136 235 149 235 160 244 149 248 137 249 215 248 225 248 238 240 248 250 237 254 1
127 243 136 235 150 235 160 244 149 248 137 248 215 248 225 248 238 240 248 250 237 253 1
126 243 136 235 149 235 159 244 148 248 136 248 214 248 224 248 237 239 247 249 236 253 1
126 243 135 235 149 235 159 244 148 248 136 248 214 248 224 248 238 240 247 249 236 253 1
129 244 138 236 150 236 160 244 150 249 139 249 216 248 226 248 238 241 247 251 237 254 1
130 244 139 236 152 236 163 245 152 249 140 249 217 249 227 249 240 242 250 251 239 255 1
130 244 140 237 153 237 163 245 152 249 141 249 218 249 228 249 241 243 250 251 240 255 1
130 244 140 237 152 236 162 244 152 248 141 248 218 248 228 248 240 242 249 250 239 253 1
130 244 139 237 151 237 161 244 151 248 140 248 219 248 228 248 240 242 248 251 239 253 0
129 243 138 237 151 237 161 244 150 248 139 248 218 248 228 248 240 242 248 251 239 253 0
129 243 138 236 151 236 161 244 150 248 139 248 218 248 227 248 239 242 249 250 238 254 0
130 244 139 236 152 236 161 245 151 249 140 248 219 249 228 249 241 242 250 251 239 254 1
130 244 140 237 152 237 162 245 151 249 140 249 218 248 228 248 240 242 250 250 239 254 1
130 244 139 237 152 237 162 245 151 249 140 249 217 249 227 249 239 242 249 251 238 254 1
129 243 139 236 151 236 161 245 150 248 139 248 216 248 226 248 239 241 248 251 237 253 1
129 243 138 235 151 235 162 244 150 248 139 248 216 248 226 248 238 240 248 250 237 252 1
130 243 139 234 153 234 164 244 152 248 140 248 217 248 228 248 241 239 251 249 240 253 1
131 243 140 234 153 234 164 245 152 248 141 248 218 248 228 248 242 240 251 250 241 253 1
130 244 139 236 152 236 162 245 151 249 140 249 217 249 227 249 239 242 249 251 238 255 1
129 244 139 237 151 237 162 245 151 249 139 249 217 249 227 249 239 242 248 251 238 255 1
131 244 140 237 153 236 163 245 152 249 141 249 219 249 228 249 241 242 251 251 240 255 1
130 244 139 237 152 237 162 245 151 249 140 249 217 250 227 250 240 243 249 252 238 255 1
130 245 140 238 152 238 163 246 152 250 140 250 218 249 228 249 241 243 250 252 239 255 1
132 245 141 238 153 238 164 247 152 250 141 250 219 251 228 251 241 245 250 253 240 256 1
133 246 142 238 155 238 165 247 154 251 142 251 220 251 230 251 242 245 252 254 241 257 1
133 247 142 239 155 239 165 247 154 252 143 252 220 252 230 252 242 246 252 254 241 257 1
132 246 141 239 154 239 165 248 153 252 142 252 220 252 230 252 243 246 252 255 241 258 1
133 247 142 239 154 239 165 247 154 252 142 252 219 251 229 251 242 245 251 254 240 257 1
131 246 140 239 153 239 164 247 153 251 141 251 218 252 229 252 241 245 250 254 240 257 1
135 245 144 238 156 238 166 247 156 251 144 250 221 252 231 252 243 245 252 255 242 257 1
134 246 143 238 156 238 166 247 155 250 144 250 221 251 231 251 244 244 253 254 242 257 1
133 246 142 237 155 238 166 247 154 251 143 251 220 251 230 251 243 244 252 254 242 257 1
135 245 144 240 155 239 165 245 155 249 145 249 222 251 232 251 244 247 252 254 243 256 0
137 246 147 239 160 238 169 247 159 252 148 251 224 252 235 252 248 246 256 255 246 259 1
136 246 146 239 158 239 167 246 157 251 146 251 224 252 234 252 247 246 256 254 246 258 1
136 247 146 242 157 241 167 247 157 253 146 252 224 253 234 253 246 248 255 256 245 260 1
135 247 145 242 157 241 167 248 156 252 145 252 223 253 233 253 245 248 254 256 244 260 1
135 247 144 242 156 241 166 248 156 253 145 253 223 253 233 253 245 248 255 255 244 259 1
134 247 144 242 155 241 165 248 155 252 144 252 223 253 233 253 245 248 254 255 244 259 1
136 246 146 243 156 242 167 245 157 248 146 249 224 251 234 251 245 248 254 253 245 254 0
149 243 159 236 172 235 181 243 171 248 160 248 235 249 246 249 258 243 266 251 257 255 1
149 242 159 235 172 234 181 243 171 248 160 248 235 248 246 248 258 241 267 250 257 255 1
148 243 158 237 171 236 180 244 170 249 159 249 235 249 246 249 258 243 267 250 257 255 1
147 244 157 237 170 236 179 244 169 249 158 249 233 249 244 249 257 243 265 251 255 256 1
147 243 157 237 170 236 179 244 169 249 158 249 233 250 244 250 256 243 264 251 255 256 1
147 244 157 237 169 236 178 244 169 249 157 249 232 249 243 249 256 242 264 251 254 256 1
146 244 157 237 170 236 179 245 169 249 157 249 233 250 244 250 257 244 265 252 256 256 1
148 244 158 237 170 236 179 244 170 249 158 249 234 250 245 250 257 243 265 251 256 255 1
148 244 158 238 171 237 180 245 170 250 159 250 234 250 245 250 257 244 266 252 256 256 1
148 244 158 237 170 236 179 244 170 249 158 249 233 250 244 250 256 244 265 252 256 256 1
133 243 144 237 155 237 165 244 155 246 144 246 220 249 230 249 241 244 251 252 240 253 0
117 243 127 236 139 237 150 245 139 249 127 249 204 249 214 249 227 243 237 253 225 255 1
116 244 125 236 138 237 149 245 137 249 126 249 202 249 212 249 226 244 236 253 223 256 1
114 243 124 236 136 237 147 245 136 248 124 248 200 248 211 248 224 243 235 252 222 255 1
115 243 125 236 137 237 148 245 136 248 125 249 201 248 212 248 225 243 235 253 223 255 1
116 243 126 236 138 237 149 244 137 248 126 248 203 248 214 248 227 243 237 252 224 255 1
118 243 128 235 140 236 151 244 140 248 128 248 204 248 214 248 227 243 238 252 225 255 1
119 242 128 233 141 234 151 244 139 247 129 246 203 248 213 248 227 241 238 253 225 255 1
118 242 128 232 141 233 151 244 139 247 128 246 203 248 214 248 228 240 238 252 225 254 1
124 239 134 228 148 229 158 241 147 243 135 243 210 245 222 245 236 236 245 248 234 250 1
134 236 145 226 159 227 169 238 158 242 145 241 222 244 233 244 248 235 257 247 246 250 1
136 235 146 225 160 226 169 237 158 241 146 241 222 243 233 243 248 233 256 245 246 249 1
136 236 146 226 160 226 170 238 159 242 146 241 223 243 234 243 248 234 258 246 247 249 1
135 237 146 227 160 227 170 239 158 243 146 242 223 244 234 244 249 235 258 246 247 250 1
136 236 145 227 159 227 169 237 158 242 146 242 223 244 233 244 247 235 256 246 245 250 1
136 237 145 230 158 230 168 239 157 243 146 243 223 245 233 245 246 239 255 248 245 252 1
136 238 145 231 158 231 168 239 157 243 146 243 223 245 233 245 245 239 255 247 244 251 1
137 241 146 239 157 239 167 241 157 244 147 244 226 247 235 247 246 247 255 251 246 253 0
140 247 150 248 160 247 170 248 161 251 150 251 229 253 238 253 248 257 256 261 247 261 0
151 250 162 243 175 244 184 253 173 257 161 256 239 262 250 262 263 256 272 266 261 268 1
161 245 172 239 184 241 192 251 182 254 170 251 247 264 258 264 270 260 279 271 267 273 1
166 242 176 236 189 239 197 249 186 252 174 250 252 263 263 263 276 260 284 271 272 273 1
167 241 178 236 190 238 199 249 187 251 175 249 253 263 265 263 277 261 286 272 273 273 1
165 242 176 236 189 239 197 249 185 252 174 250 251 263 263 263 276 261 284 271 272 273 1
163 243 173 239 185 240 193 248 183 250 172 249 248 260 259 260 271 260 278 269 267 269 0
131 247 142 240 153 239 163 245 153 247 141 249 217 245 227 245 239 241 249 249 238 249 0
116 247 125 242 135 241 144 244 135 247 126 248 201 242 210 242 220 237 230 242 220 243 0
100 250 110 242 121 241 132 247 122 252 111 254 186 242 196 242 208 234 218 241 208 246 1
96 251 105 243 117 241 127 248 117 253 106 255 181 242 191 242 204 233 214 240 204 245 1
103 250 112 242 124 241 135 248 125 253 114 254 190 244 199 244 212 235 222 242 212 247 1
108 249 117 240 129 239 139 247 129 252 118 253 194 244 203 244 216 235 225 243 215 247 1
112 247 122 240 134 239 144 245 134 250 123 251 199 243 209 243 221 235 230 243 220 247 0
120 246 130 239 142 238 152 245 142 250 131 251 207 245 217 245 229 239 238 246 228 250 0
125 246 134 238 147 238 157 245 147 250 135 251 211 247 221 247 233 239 243 247 233 251 0
126 246 135 239 148 238 158 245 148 250 137 251 213 246 223 246 236 239 245 247 235 251 1
125 246 134 239 147 238 158 246 147 250 135 251 212 247 222 247 235 240 244 248 234 252 1
123 247 133 239 145 238 156 246 145 251 134 252 210 247 220 247 233 239 242 247 232 251 1
127 248 136 244 147 243 157 247 147 251 137 252 214 248 224 248 235 244 244 249 235 252 0
128 247 138 241 150 240 160 247 150 252 138 252 215 248 225 248 238 242 246 249 237 253 0
126 248 136 241 148 240 158 247 148 252 137 253 213 250 223 250 235 242 244 250 235 254 1
126 248 136 241 148 240 159 248 148 253 137 253 213 249 224 249 236 241 246 249 236 254 1
126 248 136 241 148 240 159 248 148 252 137 253 214 250 224 250 237 242 246 250 236 254 1
129 252 138 252 149 250 159 250 149 254 139 255 218 252 227 252 238 252 247 253 238 255 0
130 252 139 254 149 252 159 250 149 254 139 255 218 252 226 252 236 255 246 255 237 256 0
131 249 141 243 152 242 162 248 152 253 141 254 218 251 228 251 239 244 248 252 239 256 0
131 248 141 242 153 240 164 248 153 253 141 254 218 251 229 251 241 243 250 251 240 256 1
130 248 140 241 153 239 163 247 152 253 141 253 218 251 228 251 241 243 251 251 240 256 1
131 247 140 240 153 239 164 247 153 253 141 253 219 250 229 250 242 242 251 251 241 255 1
131 248 142 240 154 239 165 248 154 253 142 253 219 251 230 251 243 242 252 251 242 256 1
131 248 141 241 154 240 164 247 153 253 142 253 219 250 229 250 242 242 252 251 241 256 1
131 248 140 241 153 240 164 248 153 253 141 253 219 251 229 251 242 243 251 251 241 256 1
131 247 141 240 153 239 163 247 153 252 142 252 219 250 229 250 242 243 251 251 241 256 1
130 247 140 240 152 239 163 247 152 252 140 253 218 250 228 250 241 242 251 250 240 255 1
129 248 139 241 151 239 161 247 151 252 140 253 217 250 227 250 239 243 248 250 238 255 1
129 248 138 241 151 240 161 248 151 253 139 253 216 250 226 250 239 242 248 250 238 255 1
130 249 139 241 152 240 162 249 152 254 140 254 217 251 227 251 240 243 249 251 239 256 1
130 248 140 240 152 239 163 248 152 253 140 253 218 251 228 251 241 243 250 251 240 256 1
130 247 140 240 153 239 163 248 152 253 140 253 217 251 227 251 240 242 250 251 240 256 1
132 251 141 247 152 245 163 249 153 253 142 254 219 251 228 251 240 248 249 253 239 256 1
131 248 141 241 153 240 164 249 153 253 141 254 218 252 228 252 241 243 251 252 240 257 1
132 249 141 241 154 240 165 249 154 254 142 254 218 252 228 252 241 243 251 252 241 257 1
132 249 141 242 154 241 164 249 154 254 142 254 219 251 229 251 242 243 251 251 241 256 1
131 249 140 241 153 241 163 249 152 254 141 254 219 252 229 252 241 244 251 252 241 257 1
130 248 140 240 153 240 163 248 152 253 140 253 217 251 227 251 240 242 249 251 239 255 1
129 248 138 240 151 239 161 248 151 253 139 254 216 251 226 251 240 242 249 251 239 256 1
128 249 138 240 151 240 161 249 150 254 138 254 216 251 226 251 239 241 249 250 238 255 1
129 249 138 240 151 239 162 249 150 254 139 254 215 251 225 251 238 241 248 251 238 256 1
127 248 137 239 150 238 161 248 150 253 137 254 215 250 225 250 239 240 249 250 238 255 1
128 249 138 240 151 239 162 249 151 254 138 254 216 251 226 251 240 241 250 251 240 255 1
127 248 137 239 151 238 162 248 150 253 138 254 216 251 226 251 240 241 250 250 239 255 1
131 248 140 240 153 239 164 248 153 254 141 254 218 251 227 251 241 242 250 250 240 256 1
136 248 145 241 158 240 169 248 158 254 146 255 223 251 233 251 246 244 255 252 245 257 1
140 248 149 240 162 240 173 248 161 253 150 253 227 251 237 251 250 243 259 252 249 256 1
136 243 147 235 159 235 170 243 159 248 147 248 225 246 235 246 248 238 258 248 247 251 1
137 237 147 229 160 228 170 236 160 241 148 242 227 237 237 237 250 229 259 238 249 242 1
143 236 153 228 167 227 178 235 166 240 154 241 234 236 245 236 258 228 268 237 257 241 1
149 236 159 228 173 227 184 236 172 241 160 242 241 239 251 239 265 229 275 238 264 244 1
150 235 160 227 173 226 184 235 172 241 161 241 242 238 252 238 266 228 276 238 265 243 1
155 236 165 227 179 227 190 236 178 242 166 242 248 240 258 240 272 230 282 240 272 245 1
144 236 156 227 170 227 181 235 169 239 156 239 233 239 243 239 256 229 267 238 257 242 0
115 236 126 227 140 227 151 236 139 242 126 242 209 241 219 241 233 231 243 241 233 246 1
117 237 127 228 140 227 151 237 139 243 127 243 209 241 219 241 233 233 243 242 232 247 1
116 237 126 229 140 228 151 237 139 243 127 243 209 242 220 242 234 233 245 242 233 248 1
116 237 126 229 140 228 150 237 139 243 127 243 209 242 220 242 234 233 244 243 233 248 1
116 237 126 229 140 228 151 237 140 243 127 243 209 242 220 242 234 233 244 242 233 248 1
117 236 128 228 141 228 152 237 141 242 128 243 210 241 220 241 234 232 244 241 233 247 1
119 237 129 228 143 227 153 236 142 242 130 242 212 241 222 241 237 232 246 242 236 247 1
122 234 133 226 146 225 157 234 146 240 133 240 215 239 226 239 240 230 250 240 239 245 1
149 233 159 225 172 225 182 234 171 236 160 236 237 237 247 237 260 230 269 239 259 242 0
165 233 176 225 190 224 201 233 189 238 177 239 257 237 269 237 283 228 293 239 282 243 1
189 236 200 227 214 227 224 236 213 241 200 241 282 240 293 240 307 231 317 241 306 245 1
207 240 217 231 231 231 241 240 230 244 218 245 298 243 309 243 322 234 332 244 321 247 1
221 241 231 233 245 232 256 241 244 246 232 247 313 244 324 244 339 235 348 244 337 249 1
229 241 240 232 254 232 265 242 253 247 240 248 322 246 333 246 348 235 358 245 347 251 1
230 241 241 232 255 232 266 241 254 247 242 247 324 245 335 245 349 235 359 245 348 250 1
241 240 252 232 266 231 277 240 265 244 252 245 333 243 345 243 358 235 368 245 356 248 1
244 241 254 233 268 232 278 242 267 247 255 247 336 245 347 245 361 236 371 245 361 250 1
253 242 262 236 274 235 285 242 274 246 262 246 344 248 354 248 367 242 376 250 366 253 0
255 243 265 235 278 235 288 245 277 249 265 249 346 253 358 253 371 245 380 255 369 259 1
256 243 266 236 279 237 289 245 277 250 266 249 345 253 355 253 368 248 377 257 366 260 1
254 243 263 236 276 236 286 245 275 249 263 248 341 252 352 252 364 246 373 255 362 259 1
247 242 257 234 269 234 279 243 268 247 257 247 334 251 345 251 357 245 366 255 355 258 1
236 243 245 236 258 235 268 244 257 248 246 248 323 250 333 250 345 244 354 252 344 256 1
233 243 243 237 255 236 266 244 255 249 243 249 320 250 330 250 342 244 351 253 341 257 1
234 247 243 245 254 244 264 247 254 250 244 250 321 252 331 252 341 251 350 255 341 257 0
246 249 256 244 268 244 277 252 266 255 256 254 332 261 343 261 354 257 363 266 352 268 0
251 249 261 243 274 243 282 253 272 257 260 256 337 264 348 264 361 259 370 269 358 272 1
251 249 262 242 275 244 284 254 273 257 261 256 338 265 349 265 362 260 372 270 360 273 1
251 248 261 242 275 243 283 253 271 257 260 255 338 265 350 265 363 261 372 272 360 274 1
248 247 259 240 273 242 281 253 270 256 257 254 335 265 347 265 360 261 369 272 356 275 1
247 247 257 241 270 242 279 253 268 256 255 254 334 264 346 264 359 261 367 272 355 274 1
241 247 251 240 264 242 273 251 261 254 250 253 326 258 337 258 349 254 358 264 346 266 1
232 248 241 242 253 241 263 249 253 253 242 253 318 254 328 254 340 248 349 257 338 259 0
210 251 220 243 233 242 244 249 233 254 221 255 297 250 308 250 320 243 330 251 319 255 0
202 252 211 244 223 242 234 249 224 255 212 256 288 247 298 247 311 239 321 248 310 252 1
197 253 206 244 218 244 229 251 218 256 207 258 283 248 293 248 306 238 316 246 305 251 1
198 252 206 244 219 243 230 250 219 255 208 257 284 247 293 247 306 238 317 246 306 251 1
198 252 207 243 219 243 230 250 220 255 209 257 284 247 293 247 307 238 317 246 306 250 1
200 249 209 241 221 240 232 248 221 253 210 254 286 246 296 246 309 237 319 246 308 250 1
200 249 209 241 221 240 232 247 222 252 210 254 286 246 295 246 308 237 318 245 308 250 1
202 249 211 241 223 241 234 248 223 253 212 254 289 247 298 247 311 239 321 247 310 251 1
204 249 213 241 225 240 236 247 226 252 214 253 290 246 300 246 313 238 323 247 312 251 1
206 248 215 240 228 240 238 247 228 252 217 253 293 247 302 247 315 238 325 247 315 252 1
207 248 216 240 228 239 239 247 228 252 217 253 293 247 303 247 316 238 325 247 315 252 1
206 248 215 240 228 239 238 247 227 252 216 253 292 247 302 247 315 238 325 247 314 251 1
206 248 215 240 228 240 238 248 228 252 217 253 294 248 303 248 316 239 326 248 315 252 1
208 247 217 239 230 239 241 247 230 251 218 252 294 248 304 248 317 238 327 247 317 252 1
208 247 217 239 230 239 241 247 230 251 218 252 296 247 306 247 319 239 329 247 318 252 1
208 247 218 239 230 238 241 247 230 252 219 252 295 247 305 247 318 238 327 247 317 252 1
210 248 219 240 231 239 242 246 231 251 220 252 296 247 305 247 319 239 328 247 318 251 1
214 247 223 239 236 237 246 245 236 250 225 251 300 247 310 247 323 240 332 248 322 252 1
215 246 224 239 237 238 247 245 237 250 226 251 301 247 312 247 325 239 334 248 324 252 1
215 246 224 239 237 238 247 245 237 250 226 251 302 247 312 247 325 240 333 248 324 252 1
215 246 224 238 237 237 246 246 236 250 225 251 301 248 311 248 324 239 333 247 323 252 1
215 246 224 238 237 238 248 246 237 251 225 251 302 249 312 249 325 240 334 248 324 253 1
216 247 225 238 238 237 248 245 237 250 226 251 302 248 312 248 325 239 334 248 324 252 1
216 246 226 238 239 237 249 245 238 250 227 251 302 248 313 248 326 239 336 248 325 253 1
220 247 229 240 241 238 251 245 241 250 230 251 306 248 317 248 329 242 337 249 327 253 1
221 247 231 239 244 238 254 246 244 251 232 252 307 249 318 249 330 241 340 250 330 254 1
221 246 231 239 243 238 253 245 243 250 232 251 307 249 317 249 330 241 339 250 329 254 1
220 238 229 231 241 231 251 238 241 240 230 240 306 242 316 242 328 236 335 244 326 246 0
219 236 228 226 242 226 252 237 241 241 229 241 305 241 315 241 329 231 338 242 327 246 1
217 235 227 225 241 225 251 235 240 239 228 240 303 239 314 239 328 230 338 241 327 244 1
216 236 225 225 239 225 250 236 239 240 226 241 302 240 312 240 327 230 337 242 325 246 1
218 237 226 228 239 228 250 237 239 241 227 242 302 241 312 241 325 232 335 242 324 246 1
219 238 227 231 239 231 250 238 240 242 228 243 303 242 313 242 325 235 335 244 324 247 1
218 239 227 232 239 231 250 239 239 243 228 244 303 243 313 243 326 237 335 245 325 249 1
219 239 227 232 239 232 250 240 240 244 228 244 303 244 313 244 325 237 335 246 324 249 1
219 239 228 232 240 232 251 239 240 243 229 244 304 244 314 244 326 237 335 245 325 249 1
219 243 228 241 238 240 249 241 239 243 229 244 305 245 314 245 324 246 334 249 324 249 0
219 243 227 237 239 236 249 242 239 246 228 246 304 246 314 246 325 242 334 249 324 251 0
214 240 223 235 234 235 244 240 234 243 224 243 298 243 308 243 319 239 328 246 318 247 0
210 241 219 234 231 234 241 242 231 245 219 245 294 245 305 245 317 240 327 249 316 251 1
210 241 219 234 231 234 242 242 231 245 220 246 295 246 305 246 317 240 327 249 316 251 1
212 241 221 234 233 235 243 242 232 245 222 245 296 246 306 246 319 240 328 249 317 251 1
212 242 221 234 233 235 244 242 233 246 222 246 296 246 307 246 319 240 329 249 317 251 1
211 241 220 233 233 233 244 242 232 246 221 246 296 246 307 246 320 238 330 248 318 251 1
212 241 221 233 233 234 244 242 232 245 221 245 297 246 307 246 320 239 329 249 318 251 1
213 242 222 234 234 235 245 243 234 246 222 246 298 247 308 247 321 240 330 250 319 252 1
212 242 221 234 234 234 244 243 233 246 222 247 297 247 308 247 321 240 330 250 319 253 1
211 242 221 233 233 234 244 243 232 246 221 246 296 247 307 247 320 240 329 250 318 253 1
212 242 221 234 234 234 244 243 233 246 222 246 297 247 308 247 321 240 330 250 319 253 1
213 242 221 234 234 234 245 243 233 246 222 246 297 247 307 247 320 240 330 250 319 253 1
215 242 224 234 236 234 247 243 236 246 224 246 301 247 311 247 323 240 333 250 322 252 1
216 241 225 233 238 234 248 242 237 246 226 246 301 247 311 247 324 241 333 250 322 253 1
217 241 226 232 239 233 249 242 238 245 226 245 302 247 312 247 325 240 334 250 323 252 1
217 240 226 232 239 232 248 242 238 245 226 245 302 246 312 246 326 238 336 249 324 252 1
217 240 226 232 239 232 249 242 238 246 226 246 303 247 313 247 326 239 336 249 325 253 1
217 240 227 232 239 233 249 242 238 246 227 246 303 247 313 247 327 239 336 250 325 254 1
219 241 228 233 241 233 251 242 240 246 229 246 305 248 315 248 328 241 338 250 327 254 1
223 244 232 240 243 240 253 244 243 246 233 247 309 250 318 250 329 247 338 253 329 254 0
225 242 235 235 247 235 257 244 247 248 235 248 312 250 322 250 334 243 343 252 333 256 1
225 242 234 236 247 236 257 244 246 248 235 248 312 250 323 250 335 244 344 252 334 256 1
225 242 234 236 247 235 257 244 246 248 235 248 311 250 321 250 333 243 343 252 332 256 1
223 244 233 237 245 237 256 245 245 249 233 249 310 251 320 251 332 245 341 253 331 257 1
224 244 233 237 245 237 255 245 244 250 233 249 310 251 320 251 332 245 342 254 331 258 1
222 244 232 237 245 237 255 245 244 249 232 249 308 251 319 251 331 245 341 254 330 257 1
226 244 236 237 248 237 258 245 247 249 236 249 313 252 323 252 336 245 345 254 334 257 1
226 243 235 236 248 236 258 245 247 249 236 249 312 251 323 251 335 244 345 253 334 256 1
225 243 234 236 247 236 257 244 246 248 235 248 311 250 321 250 334 244 343 253 333 256 1
225 243 234 236 247 236 257 245 246 249 235 248 311 250 321 250 334 243 344 252 333 256 1
227 243 236 236 249 236 258 244 248 249 237 248 313 251 323 251 336 244 344 253 334 257 1
227 247 236 245 247 244 257 246 247 248 237 249 314 252 324 252 334 253 343 256 334 257 0
228 244 238 237 250 237 260 245 249 249 238 249 313 251 324 251 337 245 346 254 335 257 1
228 244 238 237 250 237 260 245 250 249 238 249 314 252 325 252 338 245 347 254 336 258 1
228 245 238 238 250 237 260 245 249 250 238 250 314 252 325 252 337 245 346 254 336 258 1
228 245 238 238 250 237 259 246 249 250 238 250 314 252 325 252 337 246 346 255 336 259 1
228 244 237 238 249 237 259 245 249 250 238 249 313 251 324 251 336 246 345 255 335 258 1
227 244 237 238 249 237 259 245 248 250 237 249 313 252 324 252 336 246 345 254 335 258 1
229 245 238 238 251 238 260 246 250 251 239 250 315 252 325 252 338 246 346 255 336 259 1
229 245 239 238 251 237 261 246 251 250 239 250 314 252 325 252 337 246 346 255 336 259 1
230 245 239 239 252 238 261 246 251 251 240 250 316 252 327 252 339 247 348 255 338 259 1
230 245 240 239 252 238 262 246 251 251 240 250 316 253 327 253 339 247 348 255 338 259 1
230 245 240 238 252 238 261 246 251 250 240 250 315 253 326 253 337 247 346 255 336 259 0
229 244 238 237 251 236 261 245 251 250 239 249 314 252 325 252 338 246 347 255 337 259 1
228 244 238 236 251 236 261 245 250 250 239 249 314 252 325 252 338 244 347 254 336 258 1
228 245 238 237 251 236 261 246 250 250 238 250 314 252 325 252 338 245 347 254 337 259 1
227 245 237 237 250 237 259 246 249 250 237 250 313 252 324 252 337 245 346 254 336 258 1
227 245 237 236 250 236 260 246 249 250 238 250 313 252 324 252 337 244 346 253 336 257 1
225 244 236 234 250 234 259 245 248 249 236 248 312 251 323 251 337 242 346 253 336 256 1
225 244 235 234 249 234 258 245 248 249 236 248 312 250 324 250 337 241 346 252 336 255 1
225 244 236 234 250 234 259 245 249 249 236 248 312 250 324 250 338 241 347 252 337 255 1
227 243 238 234 252 234 262 245 251 248 238 248 315 250 327 250 341 241 349 252 339 255 1
231 247 239 246 250 245 260 246 250 247 240 247 318 252 326 252 336 255 345 257 336 255 0
229 246 238 242 248 242 259 246 249 247 239 247 318 251 327 251 336 252 345 257 336 255 0
230 246 238 242 249 241 259 245 249 247 239 247 318 251 327 251 337 251 345 256 336 254 0
230 246 238 241 249 240 259 245 249 248 239 248 318 251 327 251 337 250 345 256 336 255 0
229 245 237 239 249 239 259 246 248 249 238 248 317 251 326 251 337 248 345 255 336 255 0
230 245 238 239 249 239 259 246 249 249 239 248 316 251 325 251 336 248 344 255 335 255 0
229 246 237 240 248 240 258 246 248 249 238 249 316 251 325 251 336 249 344 256 335 256 0
227 244 236 238 248 238 257 245 247 248 237 247 315 250 325 250 335 247 343 254 334 254 0
227 245 236 238 248 238 258 246 247 249 236 249 315 251 325 251 336 246 344 255 335 255 0
227 245 236 238 248 238 258 246 247 249 237 249 315 251 325 251 336 247 344 255 335 256 0
227 245 236 239 248 239 258 246 247 248 237 248 314 250 323 250 334 247 342 254 333 254 0
228 246 236 240 248 239 258 246 248 248 237 248 315 250 324 250 334 248 342 255 333 254 0
230 246 238 242 249 241 259 246 249 248 239 248 315 251 324 251 334 250 342 256 333 255 0
228 247 237 241 249 240 259 247 248 250 238 250 312 252 322 252 334 247 342 255 332 257 0
225 246 234 237 247 237 257 248 246 251 234 251 310 253 320 253 333 244 342 254 331 256 1
222 246 231 237 245 237 254 247 244 251 232 251 309 252 319 252 332 244 341 254 331 257 1
222 246 232 237 245 237 255 247 244 251 232 251 310 252 320 252 333 244 342 254 331 257 1
222 246 232 238 245 238 255 247 244 252 232 251 309 253 319 253 332 244 341 254 331 257 1
223 247 232 238 245 239 255 248 244 252 233 252 309 253 319 253 332 246 341 256 331 258 1
223 247 232 239 245 239 254 248 244 252 233 252 311 253 321 253 333 246 342 255 332 258 1
224 247 233 239 246 239 255 248 245 251 234 251 310 253 320 253 333 246 342 255 331 258 1
224 247 233 239 246 239 256 249 245 252 234 252 311 254 321 254 334 246 343 256 332 258 1
224 247 233 238 246 239 255 248 245 252 234 252 310 253 321 253 333 246 343 255 332 258 1
223 246 232 238 245 238 255 248 244 252 233 251 310 253 320 253 332 245 341 255 331 258 1
224 246 233 238 246 238 256 248 245 252 234 251 311 253 321 253 334 246 344 255 333 258 1
228 247 236 241 248 241 258 248 248 252 237 252 314 255 323 255 335 249 343 257 334 260 0
228 248 238 242 249 242 259 248 249 253 238 253 315 254 325 254 336 250 345 257 335 261 1
228 247 237 241 249 241 259 248 248 252 237 252 314 255 324 255 336 249 345 257 335 260 1
225 247 235 240 247 240 257 248 246 253 235 252 312 255 322 255 335 248 344 256 333 260 1
225 247 234 240 247 239 257 248 246 252 234 252 311 254 321 254 334 247 343 257 332 260 1
225 248 234 240 247 240 257 249 246 253 235 253 312 255 322 255 334 248 343 257 333 260 1
225 247 234 240 247 240 256 249 246 253 234 253 312 255 322 255 334 249 343 257 333 261 1
225 247 234 241 247 241 257 249 246 253 235 253 312 255 322 255 334 248 344 256 333 260 1
226 247 235 240 248 240 257 248 247 253 235 252 314 254 324 254 336 248 345 256 335 260 1
227 248 236 243 247 242 257 248 247 253 236 253 312 255 322 255 333 250 342 257 332 261 0
227 248 236 246 247 244 257 248 247 251 236 251 313 254 322 254 333 252 342 257 333 259 0
225 245 235 238 247 238 257 247 247 251 235 250 311 253 322 253 335 246 343 255 333 259 1
225 246 235 238 248 238 258 247 247 251 236 251 311 253 322 253 335 246 344 256 333 259 1
224 246 234 239 247 238 257 247 246 252 235 251 311 253 322 253 335 246 344 256 333 259 1
224 246 234 238 247 238 257 247 246 251 235 251 312 253 323 253 336 246 345 255 334 259 1
225 246 235 238 248 237 257 247 247 251 236 251 312 252 322 252 335 245 344 254 334 259 1
225 246 235 238 248 238 257 247 247 251 236 251 311 253 322 253 335 246 344 255 334 259 1
225 245 235 238 248 237 258 246 247 251 236 250 311 252 322 252 335 245 344 254 333 258 1
225 246 235 238 248 238 258 246 247 251 236 250 312 253 322 253 335 246 344 255 334 258 1
226 246 235 238 248 238 258 247 247 252 236 251 312 253 322 253 335 246 344 256 334 260 1
226 246 235 238 248 238 258 247 247 252 236 251 312 254 323 254 336 246 345 256 335 260 1
226 245 236 238 249 237 259 247 248 251 237 251 312 253 323 253 336 246 345 256 334 260 1
226 245 236 237 249 237 258 246 248 250 237 250 312 252 323 252 336 245 345 254 334 258 1
226 245 236 237 249 237 259 246 248 250 237 250 312 252 323 252 336 245 345 255 334 258 1
227 245 237 237 250 237 259 245 248 250 237 249 312 252 323 252 336 245 345 255 335 258 1
229 245 239 238 252 237 261 246 251 251 239 250 315 253 326 253 339 246 348 255 337 259 1
229 245 239 237 252 237 261 246 251 251 240 250 315 253 326 253 339 245 348 255 337 259 1
228 245 238 238 250 237 260 246 250 251 238 250 313 253 324 253 337 246 346 255 336 259 1
227 245 237 238 250 237 259 246 249 251 237 250 313 253 324 253 337 246 345 255 335 259 1
227 245 237 238 250 237 260 246 249 250 238 250 313 252 324 252 337 246 346 255 335 258 1
225 244 235 236 248 236 257 245 246 249 235 249 312 251 322 251 335 244 344 253 333 256 1
224 244 234 235 247 235 257 245 246 249 234 249 310 251 321 251 335 242 344 253 333 257 1
224 245 234 235 248 235 257 246 246 250 234 250 310 252 321 252 335 242 344 253 333 257 1
228 244 237 236 249 236 258 244 248 248 237 248 312 251 322 251 335 243 344 253 334 255 0
224 243 235 234 249 234 258 245 247 248 235 247 311 250 322 250 336 241 345 252 335 255 1
225 243 235 233 249 233 258 244 247 248 236 248 311 249 323 249 337 240 345 251 335 254 1
224 243 235 233 249 233 258 243 248 247 235 247 313 248 324 248 337 239 345 250 336 253 1
209 240 218 232 230 230 241 236 231 240 219 242 296 231 305 231 318 223 328 232 318 233 0
191 242 200 229 214 226 228 233 216 238 203 242 275 222 286 222 299 208 312 217 301 221 1
212 243 220 237 230 234 241 234 231 238 221 240 292 225 301 225 312 221 321 225 311 226 0
209 247 218 242 229 239 238 240 229 244 220 247 293 238 302 238 312 238 320 242 310 243 0
198 253 207 247 217 246 227 249 218 253 208 254 280 247 291 247 302 243 311 247 301 250 0
192 251 201 245 212 244 223 247 213 251 202 253 276 244 286 244 298 240 308 246 297 248 0
193 249 203 243 214 242 225 246 214 250 203 251 279 242 289 242 301 236 311 242 301 244 0
201 251 210 244 221 242 232 247 222 251 212 252 285 243 296 243 308 238 318 244 307 246 0
203 250 212 242 224 242 235 248 225 253 214 254 289 247 300 247 312 241 321 249 311 251 1
193 250 202 243 214 242 225 247 215 252 204 253 278 246 289 246 302 238 312 246 301 249 1
195 248 204 244 215 243 226 244 216 247 205 249 279 244 290 244 301 243 310 247 300 248 0
195 249 204 242 216 242 227 247 216 250 205 251 281 247 292 247 304 241 313 249 303 251 0
193 246 204 241 216 240 228 243 217 248 205 250 281 244 292 244 305 241 314 247 304 251 0
196 254 205 246 217 245 229 253 218 257 206 258 282 254 293 254 306 246 316 255 305 259 1
187 252 196 242 209 242 221 250 209 254 198 256 272 248 282 248 296 238 306 248 295 252 1
190 253 199 244 211 244 222 251 211 255 200 256 275 249 285 249 299 240 310 250 298 253 1
195 251 204 240 218 240 230 250 219 254 206 255 282 249 293 249 307 238 318 249 306 253 1
193 252 202 241 217 240 229 250 217 254 204 255 281 249 291 249 306 239 317 250 305 253 1
193 253 202 241 217 241 229 251 217 255 204 256 280 250 291 250 306 239 316 250 305 254 1
195 253 204 241 219 241 231 251 219 255 206 256 282 250 293 250 308 239 318 250 307 253 1
196 253 205 241 220 241 232 251 220 255 207 256 283 250 294 250 309 239 319 250 308 254 1
195 253 205 240 219 240 231 250 220 255 207 256 282 250 293 250 308 239 319 250 307 254 1
196 252 205 240 220 240 232 250 220 254 207 255 282 249 293 249 308 238 318 250 307 253 1
197 252 206 240 221 240 232 251 221 255 208 256 283 251 293 251 308 239 319 252 307 254 1
198 253 206 242 221 242 233 251 221 256 208 257 284 251 294 251 309 240 320 251 308 255 1
196 253 206 242 221 241 233 252 221 256 208 257 284 251 294 251 310 240 321 252 309 255 1
196 253 205 242 220 242 232 251 220 256 207 257 283 252 294 252 309 241 319 252 308 256 1
196 254 205 242 220 242 231 252 220 257 207 258 282 252 293 252 308 241 318 252 307 256 1
196 253 205 242 219 242 231 252 219 256 207 257 283 251 293 251 308 241 318 252 306 256 1
196 254 204 243 219 242 231 252 220 257 207 258 283 252 293 252 308 241 319 253 307 256 1
196 254 205 242 220 242 231 252 219 257 207 258 283 253 293 253 308 241 318 253 306 256 1
196 255 205 244 219 244 231 253 219 258 207 259 282 253 292 253 307 243 318 253 306 257 1
198 254 206 244 219 244 230 252 219 257 208 258 283 253 293 253 307 243 317 253 306 257 1
198 254 206 243 219 243 231 252 219 256 208 257 283 253 293 253 307 243 318 253 306 257 1
198 254 206 245 220 245 231 253 220 258 208 259 285 253 295 253 309 244 320 254 308 257 1
198 254 206 244 220 244 231 253 220 257 208 258 284 254 294 254 309 244 319 254 307 258 1
198 254 207 244 220 244 231 253 220 257 208 258 284 253 294 253 308 243 318 253 307 257 1
197 254 206 244 220 244 231 253 220 257 208 258 285 254 295 254 309 244 320 254 308 258 1
198 254 206 244 220 245 231 253 220 257 208 258 284 253 295 253 309 244 319 253 308 257 1
198 254 207 244 220 245 231 253 220 258 208 258 284 254 294 254 308 244 319 254 307 258 1
198 255 206 245 220 245 231 253 220 258 208 259 283 254 293 254 308 244 318 254 306 258 1
197 254 206 246 219 246 231 253 219 258 207 259 284 254 294 254 308 245 319 254 307 258 1
197 254 206 243 221 243 232 253 221 258 208 258 284 252 295 252 309 242 319 253 308 257 1
197 254 207 243 221 243 233 252 221 257 208 258 284 252 294 252 309 242 320 253 308 257 1
198 254 207 243 222 243 234 252 222 257 209 258 284 253 295 253 310 242 321 253 309 257 1
198 253 207 242 222 242 233 252 221 257 209 257 285 253 296 253 311 242 321 253 310 257 1
199 255 208 244 222 243 234 253 222 258 210 259 285 254 295 254 311 243 321 254 310 258 1
197 254 207 243 221 243 233 253 221 257 208 258 284 253 295 253 310 242 320 254 309 257 1
198 254 207 243 221 243 233 252 221 257 209 258 284 252 295 252 309 242 320 252 308 256 1
198 254 207 243 222 243 234 253 222 258 209 258 285 253 295 253 310 243 320 254 309 258 1
198 254 207 243 221 243 233 253 221 258 209 258 285 254 295 254 310 242 321 254 309 258 1
197 254 206 243 221 242 233 252 221 257 208 258 283 253 294 253 309 243 319 254 308 257 1
197 254 206 243 220 243 232 252 220 257 207 258 284 253 294 253 309 242 319 253 308 257 1
196 254 205 243 220 243 232 253 220 257 207 258 283 253 294 253 309 242 320 254 308 258 1
196 255 206 244 220 244 232 253 220 258 208 259 283 253 294 253 309 243 319 253 308 257 1
196 255 206 245 220 244 232 254 220 258 208 259 284 254 294 254 309 243 320 254 308 258 1
198 254 207 244 221 243 233 253 221 257 209 258 285 253 295 253 309 243 319 253 308 257 1
198 255 207 243 222 243 233 254 221 258 209 259 284 254 294 254 309 243 320 254 308 258 1
197 255 206 244 221 244 232 254 221 258 208 259 285 254 295 254 310 243 320 254 309 257 1
197 255 206 243 220 243 232 253 221 257 208 258 284 253 294 253 309 243 320 254 308 257 1
197 254 206 244 220 243 232 253 221 257 208 258 284 253 294 253 309 243 319 255 308 258 1
196 255 206 243 221 243 233 253 221 257 208 258 284 253 294 253 309 242 320 253 308 256 1
197 255 206 243 221 243 233 253 221 258 208 259 285 253 295 253 310 242 320 253 309 256 1
196 255 206 243 220 243 232 253 220 257 208 257 284 252 295 252 310 241 320 252 309 256 1
198 255 207 243 222 242 233 253 221 257 209 258 284 252 295 252 310 242 320 253 309 256 1
197 255 207 243 221 242 233 253 221 257 209 258 285 252 295 252 310 241 320 253 309 256 1
197 255 207 243 222 242 233 253 221 257 209 258 284 253 295 253 310 241 321 253 309 256 1
198 255 207 243 222 243 233 253 221 257 209 257 284 253 295 253 310 242 320 253 309 256 1
197 255 206 243 221 242 233 252 221 256 208 257 284 252 295 252 310 241 320 253 309 256 1
198 255 207 243 222 243 234 253 222 257 209 258 285 253 296 253 311 242 321 254 310 257 1
199 254 208 243 223 242 234 253 223 257 210 258 285 253 295 253 310 242 320 254 309 257 1
199 256 208 253 220 252 231 254 220 257 209 259 286 254 296 254 308 253 317 257 307 258 1
200 254 209 246 222 246 233 253 221 257 210 258 286 254 296 254 309 246 319 255 308 259 1
198 255 207 246 220 246 232 254 220 258 209 259 285 255 295 255 309 245 320 255 308 258 1
199 254 208 245 221 245 232 254 220 257 209 258 285 255 295 255 309 245 319 255 308 258 1
198 255 207 245 221 245 232 254 221 258 209 259 284 255 294 255 309 244 319 255 308 259 1
199 255 207 244 222 244 233 253 222 258 209 258 286 254 296 254 311 243 321 253 310 257 1
197 254 207 244 221 244 233 253 221 258 208 258 286 254 296 254 311 243 321 254 310 257 1
197 254 207 243 221 243 233 253 221 257 208 258 285 254 295 254 310 242 320 254 309 257 1
198 254 207 243 222 243 233 254 221 258 209 258 285 254 295 254 309 243 320 254 309 258 1
198 254 207 243 222 243 234 253 222 257 209 258 285 253 295 253 310 242 320 253 309 257 1
201 254 210 243 225 243 236 253 224 257 212 258 289 253 299 253 314 242 325 254 313 257 1
201 254 210 242 224 242 235 252 224 257 211 258 287 253 297 253 312 242 322 254 310 257 1
200 254 209 243 224 242 235 252 224 257 211 258 287 252 297 252 311 242 321 253 310 257 1
199 253 208 242 222 242 234 252 222 256 210 257 285 252 296 252 310 242 320 253 309 257 1
197 254 207 243 221 242 232 253 221 257 208 258 284 252 295 252 309 241 320 253 308 256 1
203 254 212 242 226 242 237 252 226 257 213 257 289 252 300 252 315 242 325 254 314 257 1
204 253 213 241 228 241 240 252 228 257 215 257 291 253 302 253 317 243 327 254 315 258 1
202 253 212 242 226 242 237 252 225 256 213 257 289 253 300 253 314 244 324 255 313 258 1
198 254 207 243 221 243 232 252 221 256 209 257 285 253 295 253 309 242 320 253 309 257 1
196 253 205 243 219 243 230 252 219 256 207 257 284 253 294 253 308 243 319 253 307 256 1
204 253 214 241 229 241 240 252 229 256 216 257 292 253 303 253 318 242 328 254 317 258 1
207 252 216 242 230 242 241 251 230 256 218 257 294 253 305 253 319 244 330 255 318 259 1
205 254 213 244 227 244 238 253 227 258 215 259 291 255 301 255 315 245 325 256 314 260 1
202 253 211 244 224 244 236 252 224 257 212 258 288 254 299 254 313 245 323 255 312 259 1
202 253 211 243 224 242 235 252 224 256 212 257 289 253 299 253 313 243 324 253 312 257 1
206 254 214 244 228 244 239 253 228 257 216 258 293 254 303 254 317 245 327 255 316 259 1
203 253 212 243 226 243 237 252 226 257 214 258 291 253 301 253 316 244 326 254 314 258 1
204 254 212 244 226 244 237 253 226 258 214 259 290 255 300 255 314 245 325 255 313 260 1
204 254 213 243 227 243 238 253 227 257 214 258 290 254 300 254 314 245 325 255 313 260 1
202 253 211 243 225 243 237 253 225 257 213 258 289 255 300 255 314 245 324 255 313 259 1
202 254 211 244 225 244 236 253 224 258 212 259 289 255 300 255 314 245 325 255 314 260 1
204 254 213 244 226 244 238 253 226 258 214 259 290 255 301 255 315 246 325 257 313 260 1
204 254 213 244 226 244 237 253 226 258 214 258 291 255 301 255 315 245 325 255 314 259 1
204 254 213 244 226 244 238 253 226 257 214 258 290 254 301 254 315 245 326 255 314 259 1
205 253 213 243 227 243 238 252 227 257 215 258 291 255 301 255 316 245 326 256 314 260 1
204 254 213 245 226 244 237 253 226 257 214 258 291 254 302 254 316 246 326 255 315 259 1
204 253 212 243 226 243 237 252 226 257 214 258 291 255 301 255 315 245 325 256 314 260 1
203 254 212 244 226 244 237 253 226 258 214 258 291 255 301 255 316 246 326 256 314 260 1
204 254 213 244 226 244 238 253 226 257 214 258 291 255 301 255 315 245 326 255 314 259 1
203 253 212 243 226 244 237 253 226 257 214 258 290 255 301 255 315 245 325 256 314 260 1
203 254 211 244 225 244 236 252 225 257 213 258 290 254 300 254 314 245 325 255 313 259 1
205 255 213 246 226 246 237 254 226 258 215 259 291 256 301 256 314 248 325 257 313 260 1
204 254 212 247 225 247 236 254 225 258 214 259 290 255 300 255 313 249 322 258 311 260 1
202 256 211 247 224 247 235 255 224 259 212 260 289 256 298 256 312 249 321 259 310 261 1
200 256 208 247 221 248 233 255 221 259 210 260 285 256 295 256 308 249 318 258 307 261 1
198 257 207 249 219 249 231 257 219 260 208 261 284 257 293 257 306 250 316 259 305 261 1
198 259 207 256 218 255 228 258 218 260 208 261 284 258 294 258 305 256 314 260 304 261 0
198 256 207 247 220 248 232 256 220 261 208 262 284 257 294 257 308 248 319 258 307 262 1
198 257 206 249 219 249 230 256 219 261 207 262 284 257 294 257 307 250 317 259 305 262 1
197 258 206 250 218 250 229 257 218 261 207 262 283 258 293 258 306 251 315 259 304 263 1
224 258 234 252 246 252 256 259 245 262 234 262 309 264 320 264 332 261 341 270 330 272 0
211 258 220 253 231 253 241 257 231 259 220 259 295 261 304 261 315 259 325 264 314 265 1
194 263 204 256 216 256 227 263 216 266 204 267 280 263 290 263 303 258 314 267 302 269 1
192 262 201 255 213 255 225 262 213 266 202 267 276 262 287 262 300 256 310 265 298 268 1
188 264 197 256 209 256 221 264 209 268 198 268 273 263 284 263 297 257 307 265 295 268 1
189 264 198 257 210 257 221 264 210 267 199 268 273 263 284 263 297 257 308 266 295 268 1
188 264 198 256 211 256 222 264 210 268 199 269 275 263 286 263 299 256 310 265 298 269 1
189 263 198 256 211 256 222 263 211 267 199 268 275 263 286 263 300 256 311 264 298 268 1
189 263 199 256 211 256 223 263 211 267 200 268 276 263 287 263 301 256 311 265 299 268 1
190 263 199 255 212 255 223 262 211 267 200 267 276 263 287 263 301 256 311 265 299 268 1
190 263 200 255 212 255 224 262 212 267 201 267 277 263 288 263 301 256 311 265 299 268 1
197 264 207 258 219 258 229 262 219 266 208 267 283 263 294 263 306 259 317 266 305 269 0
216 260 226 254 238 254 248 261 238 265 226 265 302 266 313 266 325 262 335 271 324 273 1
213 261 222 255 233 255 244 261 233 265 223 265 299 265 309 265 321 261 330 269 319 272 0
201 258 211 252 223 252 234 258 223 262 212 263 287 260 297 260 310 255 320 262 309 265 0
197 259 206 252 218 252 230 259 219 263 207 264 283 262 294 262 307 256 317 264 306 267 1
197 258 206 251 218 251 229 258 218 261 207 262 282 261 292 261 305 255 314 263 303 266 1
197 257 206 251 218 251 229 257 218 261 207 262 283 260 294 260 306 255 315 263 304 266 1
204 257 212 250 224 251 235 258 224 262 213 262 289 262 299 262 312 257 321 265 310 268 1
203 256 212 249 224 250 235 257 224 261 213 261 288 261 299 261 311 256 321 265 310 268 1
202 257 211 250 223 251 234 258 223 262 212 262 288 262 299 262 312 256 321 265 310 267 1
203 257 212 248 226 249 236 258 225 262 213 262 290 262 300 262 314 255 325 265 312 268 1
203 258 212 250 225 250 235 258 224 262 213 262 289 263 300 263 313 256 322 266 311 269 0
203 259 212 252 224 252 234 259 224 264 213 264 289 263 300 263 312 258 321 266 311 270 1
203 260 212 253 224 253 234 260 224 265 213 265 289 264 300 264 312 258 321 267 311 270 1
202 259 212 249 225 249 235 258 225 263 213 263 289 263 300 263 314 254 323 265 312 268 1
206 257 217 247 230 247 240 257 229 262 217 262 293 261 305 261 319 253 328 263 317 267 1
208 257 218 247 231 248 242 257 231 262 219 262 295 261 306 261 321 252 330 263 319 267 1
208 256 218 247 232 247 242 256 231 261 219 261 296 261 307 261 321 253 331 263 320 267 1
208 256 218 248 231 247 242 257 231 262 219 262 296 262 307 262 321 254 330 264 319 268 1
212 258 221 253 232 252 242 257 232 261 221 261 298 262 307 262 318 258 327 265 318 267 0
210 257 220 249 233 249 243 258 233 262 221 262 298 262 308 262 321 256 331 265 320 269 1
210 256 219 248 232 248 242 257 232 262 220 261 297 262 308 262 321 254 330 264 320 268 1
210 257 220 248 233 248 244 257 233 262 221 262 297 263 308 263 322 255 332 265 320 269 1
211 257 221 250 233 250 243 258 232 263 221 263 298 263 308 263 322 256 331 266 320 269 1
210 257 219 249 232 249 243 258 232 262 220 262 298 263 309 263 322 255 332 265 321 269 1
208 259 218 251 231 250 241 259 230 264 219 264 296 264 306 264 320 256 329 266 318 270 1
207 258 216 250 229 251 239 259 228 264 217 264 294 264 304 264 318 257 327 267 316 270 1
206 258 216 251 228 251 239 259 228 263 216 263 293 263 304 263 316 257 325 266 314 269 1
207 259 215 251 228 251 238 260 228 263 216 264 293 264 303 264 316 257 325 266 315 269 1
202 260 211 252 224 252 235 260 223 264 212 264 287 263 298 263 311 258 320 267 309 269 1
195 260 205 252 217 253 229 260 217 264 206 264 281 263 292 263 306 258 316 267 303 269 1
193 261 201 252 214 253 225 261 214 265 203 265 278 265 288 265 302 259 312 269 300 271 1
193 261 202 253 214 254 225 262 214 265 202 266 278 265 289 265 302 259 312 269 301 272 1
193 262 202 256 214 256 224 262 214 266 203 266 279 266 289 266 302 261 311 270 300 272 0
194 265 202 264 214 263 225 264 214 266 204 267 283 267 292 267 304 269 314 273 303 273 0
196 261 205 254 218 255 229 263 218 267 206 267 282 267 293 267 307 261 316 270 305 274 1
197 262 206 255 219 256 230 263 218 268 207 267 283 267 294 267 307 262 317 271 306 274 1
197 261 206 254 219 255 230 263 219 267 208 267 283 266 294 266 308 260 318 270 306 273 1
198 261 207 254 220 254 231 262 219 267 208 267 284 266 295 266 308 260 318 270 306 273 1
199 260 208 253 220 254 232 262 220 266 209 266 284 267 295 267 308 260 318 270 307 273 1
198 261 208 254 221 254 232 263 220 267 209 266 284 266 295 266 309 260 319 269 307 272 1
198 261 208 253 221 254 231 262 220 266 209 266 284 266 294 266 307 260 317 270 306 272 1
198 261 207 254 220 255 231 262 219 267 208 266 284 266 295 266 308 260 318 270 306 273 1
196 261 205 252 219 253 230 262 218 266 206 266 282 266 292 266 306 258 317 268 305 272 1
195 261 204 251 218 252 229 262 217 266 205 266 281 266 292 266 307 258 317 269 305 272 1
196 261 205 252 218 252 229 261 217 265 206 265 282 266 292 266 305 258 315 269 304 271 1
196 265 205 261 217 261 228 264 217 267 206 268 282 267 293 267 305 266 315 271 304 272 0
197 263 206 257 218 257 228 264 217 267 207 267 283 268 293 268 306 263 315 271 304 273 0
196 261 206 254 219 255 229 262 218 266 207 266 283 266 293 266 307 260 317 270 305 272 1
197 260 206 252 219 253 230 261 218 265 207 265 284 265 295 265 308 259 318 268 306 271 1
198 259 208 251 221 252 232 261 220 265 208 265 284 265 295 265 309 258 319 268 307 271 1
200 258 210 249 222 250 233 258 222 262 211 262 286 262 297 262 311 256 320 266 309 268 1
201 254 211 246 224 246 234 255 223 258 212 259 287 259 298 259 311 252 321 262 310 265 1
201 256 210 249 222 249 233 255 223 259 211 260 288 260 299 260 311 255 320 264 310 267 1
201 256 210 250 222 250 232 256 222 260 211 260 287 260 298 260 311 256 320 264 309 267 1
203 255 212 250 223 249 234 254 224 257 213 258 288 258 298 258 310 254 319 261 309 263 0
202 254 211 248 223 248 233 253 223 257 212 258 288 257 299 257 311 253 320 261 310 263 1
205 252 214 245 226 245 237 251 226 255 215 256 289 255 300 255 312 250 322 258 311 261 1
204 252 213 244 225 244 236 251 225 255 214 255 287 255 299 255 311 250 320 259 309 261 1
201 253 210 246 222 246 232 252 222 256 211 257 286 256 297 256 309 251 319 259 308 262 1
200 251 209 244 221 244 232 251 221 254 210 255 285 254 296 254 308 249 317 257 306 260 1
201 252 211 245 223 245 234 252 223 255 212 256 287 255 298 255 310 250 320 258 309 261 1
204 252 212 245 224 245 235 251 224 255 213 256 287 256 298 256 310 250 319 259 309 262 1
201 253 210 246 222 246 233 253 222 256 211 257 287 257 298 257 310 252 319 260 309 263 1
207 249 216 240 229 241 239 250 228 253 217 253 292 255 303 255 316 248 325 258 314 261 1
203 250 213 242 225 242 236 251 224 254 213 255 289 256 300 256 314 249 324 259 312 262 1
206 250 215 241 229 241 239 251 228 254 216 254 291 255 302 255 315 248 325 258 314 261 1
205 250 215 242 228 242 238 251 227 255 215 255 291 257 302 257 315 249 325 259 313 262 1
204 249 214 241 227 241 237 250 226 254 214 254 291 255 302 255 315 247 325 257 313 260 1
206 251 215 243 228 243 238 252 227 255 216 255 291 257 302 257 315 249 325 259 314 262 1
204 250 213 239 228 239 238 251 227 254 214 254 291 254 303 254 317 245 326 257 315 260 1
203 249 213 238 227 239 238 250 226 254 214 253 290 254 302 254 316 244 326 257 314 259 1
204 250 214 239 228 239 238 250 227 254 214 254 290 255 302 255 317 245 326 258 315 260 1
204 250 213 239 228 239 238 251 227 255 214 255 290 255 301 255 316 246 325 258 314 260 1
203 250 214 239 228 240 239 251 227 254 215 254 291 254 303 254 318 245 327 257 315 260 1
204 250 214 239 229 240 239 250 228 254 215 254 291 255 302 255 317 246 326 258 315 260 1
202 250 212 239 227 240 238 250 226 254 213 254 289 254 301 254 316 245 325 258 314 260 1
203 249 213 238 228 238 239 249 227 253 214 253 290 253 301 253 316 243 325 256 314 258 1
202 249 213 238 227 238 238 249 226 253 214 253 289 253 301 253 316 244 325 256 314 258 1
202 249 213 238 227 239 238 250 226 253 214 253 290 253 301 253 316 244 325 256 314 258 1
202 249 212 238 227 238 238 249 226 252 213 253 289 252 301 252 316 243 325 256 314 258 1
203 249 213 238 228 238 238 250 226 253 214 254 289 253 301 253 316 244 325 256 314 259 1
201 249 212 238 226 238 237 249 225 252 213 253 289 253 300 253 315 244 324 256 313 258 1
202 249 212 238 227 239 237 250 226 254 213 254 289 253 300 253 315 244 325 256 313 259 1
202 250 212 239 226 239 237 250 225 253 213 253 288 253 299 253 314 245 324 256 312 259 1
201 250 211 239 226 239 236 250 225 254 212 254 288 254 299 254 314 245 323 257 312 259 1
201 249 211 239 226 239 236 250 225 254 212 254 288 254 300 254 314 245 324 256 313 259 1
202 249 212 238 226 239 237 250 225 253 213 253 288 254 300 254 315 244 324 257 313 259 1
202 250 212 239 227 240 237 251 225 255 213 255 288 255 300 255 315 245 324 257 313 260 1
202 250 212 239 226 240 236 251 225 254 212 254 289 254 300 254 315 245 324 257 313 259 1
201 251 211 239 226 239 236 250 225 254 212 255 288 254 299 254 314 245 324 257 313 259 1
200 251 211 240 226 240 237 251 225 255 212 255 288 255 300 255 315 246 325 258 313 260 1
200 251 211 240 225 240 236 251 224 255 211 255 287 255 298 255 313 246 322 258 311 260 1
201 251 211 241 225 241 236 252 224 255 212 256 288 255 300 255 315 246 324 258 312 261 1
201 252 211 241 226 241 236 253 225 256 212 256 288 256 299 256 314 246 324 259 312 261 1
201 253 211 242 226 242 236 253 225 257 212 257 288 257 299 257 315 247 324 259 313 262 1
201 253 211 242 226 242 236 253 225 257 212 257 288 257 299 257 314 247 324 259 313 262 1
200 253 211 242 225 242 236 253 224 257 212 257 288 257 299 257 314 247 323 259 312 262 1
200 252 210 241 225 241 236 252 224 255 211 256 287 256 299 256 314 246 323 258 312 261 1
201 252 211 241 226 242 236 253 225 256 212 256 289 256 300 256 315 247 324 259 313 261 1
201 252 211 241 226 241 237 252 225 256 212 256 288 256 300 256 315 246 324 258 313 260 1
201 252 211 241 226 242 236 253 225 256 212 256 288 257 300 257 315 247 324 259 313 262 1
201 253 211 242 226 243 236 253 225 257 212 257 289 256 300 256 315 247 324 259 313 262 1
201 252 211 241 226 241 236 253 225 256 212 256 288 256 300 256 314 247 324 259 313 262 1
201 253 211 242 226 242 236 253 225 257 212 257 288 257 300 257 315 247 324 260 313 262 1
200 252 210 241 225 241 236 253 224 257 211 257 287 256 299 256 314 246 323 259 312 262 1
201 253 211 242 226 242 237 253 225 257 212 257 288 256 299 256 314 246 324 258 313 262 1
201 252 211 242 225 242 236 253 224 256 212 256 288 256 299 256 314 247 324 258 312 261 1
201 254 211 243 226 243 237 254 225 258 212 258 288 257 299 257 314 247 324 259 313 262 1
200 253 210 242 225 242 236 253 224 257 211 257 287 257 299 257 314 247 323 259 312 262 1
201 253 211 242 226 242 236 253 225 257 212 257 289 257 300 257 315 247 324 260 313 262 1
201 253 211 242 226 242 237 253 225 257 212 257 288 257 300 257 315 246 325 259 313 262 1
201 253 211 242 226 242 236 254 225 257 212 257 289 257 300 257 315 247 325 260 313 262 1
202 253 212 242 226 242 237 254 225 258 213 258 289 257 300 257 315 247 324 259 313 262 1
200 253 211 242 225 242 236 253 224 256 212 257 288 256 299 256 314 247 323 259 312 261 1
201 254 211 248 223 247 233 253 223 257 212 258 289 257 299 257 311 253 320 261 310 263 1
201 254 210 247 222 247 232 255 222 259 211 259 287 259 297 259 309 253 319 261 308 264 1
201 255 210 247 222 247 233 255 222 259 211 260 288 259 298 259 311 253 321 262 310 265 1
201 254 211 247 223 247 233 255 222 259 211 259 288 259 298 259 311 253 320 262 309 265 1
201 254 210 247 222 247 233 255 222 259 211 259 288 260 298 260 311 253 321 262 310 265 1
201 254 210 247 223 247 233 255 222 259 211 259 287 259 298 259 311 253 321 262 309 265 1
201 254 210 246 223 246 234 255 223 258 211 259 287 259 297 259 310 252 319 261 308 264 1
200 255 209 246 222 246 233 255 222 258 210 259 286 259 297 259 310 252 319 261 308 264 1
201 254 210 244 223 245 234 255 222 258 211 258 287 258 297 258 310 251 320 261 309 263 1
201 254 210 244 224 245 235 254 223 258 211 259 287 258 298 258 312 251 321 262 310 264 1
201 255 210 245 223 246 234 255 222 259 211 259 287 259 297 259 310 252 320 262 309 264 1
201 255 210 245 223 246 234 255 222 259 211 259 286 259 297 259 310 251 320 261 309 264 1
201 255 210 246 223 247 234 256 222 259 211 260 286 259 297 259 310 252 320 262 308 265 1
200 255 209 246 223 246 234 255 222 259 210 259 286 259 296 259 310 252 319 262 308 264 1
200 255 208 246 222 247 233 256 221 259 210 260 286 259 297 259 310 252 320 262 309 265 1
199 256 209 246 222 247 233 256 221 260 209 260 286 260 297 260 311 251 321 262 309 265 1
200 255 209 245 222 246 233 256 221 259 209 260 286 260 297 260 310 251 320 262 308 265 1
200 256 209 246 222 247 233 257 221 261 209 261 287 260 298 260 312 251 321 263 310 265 1
200 256 209 246 222 247 233 256 221 260 210 260 286 260 296 260 309 252 319 262 308 264 1
201 256 209 249 222 249 232 257 221 260 210 261 287 260 297 260 310 254 319 262 308 266 1
202 257 211 253 222 252 232 257 223 260 212 260 288 261 298 261 309 258 319 264 309 266 0
202 255 211 247 224 247 235 256 223 260 212 260 289 261 299 261 312 254 323 264 311 267 1
201 255 210 247 223 247 233 256 222 259 211 260 288 261 298 261 311 253 321 263 310 266 1
202 255 211 247 224 247 234 256 223 260 212 260 288 261 299 261 312 254 322 263 310 267 1
201 255 211 247 223 247 234 256 223 260 211 260 288 261 299 261 312 254 321 264 310 267 1
203 255 212 247 225 247 235 256 224 260 212 260 288 260 299 260 312 253 321 263 310 266 1
200 255 209 245 222 246 233 255 222 259 210 259 286 259 297 259 310 251 320 262 308 264 1
199 256 208 246 222 247 233 257 221 260 209 261 286 260 297 260 310 252 321 263 309 265 1
199 256 208 246 221 247 232 256 220 260 209 260 286 260 297 260 310 252 320 262 308 265 1
199 256 209 246 222 247 233 257 221 260 209 261 286 261 297 261 310 253 320 264 308 266 1
198 256 207 246 221 247 232 257 220 260 208 260 285 260 296 260 310 252 320 263 308 265 1
198 256 208 247 221 248 232 257 220 261 208 261 285 260 296 260 310 252 320 263 308 265 1
199 256 209 247 222 247 233 257 221 261 210 261 287 260 297 260 311 252 321 263 309 265 1
199 256 208 246 221 247 232 257 221 260 209 261 286 261 296 261 310 252 320 263 308 265 1
199 256 209 247 222 247 233 257 221 260 209 261 286 260 296 260 310 252 320 263 308 265 1
199 256 208 246 221 246 232 257 220 260 208 261 286 260 296 260 310 251 320 262 308 265 1
199 256 208 246 221 247 232 257 220 260 209 261 286 260 296 260 310 252 320 262 308 265 1
201 259 209 253 221 253 231 258 221 261 211 262 287 262 296 262 308 259 318 265 308 267 0
200 257 209 251 221 251 231 257 221 261 210 261 287 262 297 262 309 256 319 264 308 267 0
200 256 209 248 222 249 233 257 221 261 210 262 287 261 297 261 310 254 320 264 309 267 1
199 256 209 248 222 248 232 258 221 261 209 261 286 261 297 261 310 253 320 263 309 267 1
208 256 217 248 229 248 240 256 229 259 218 259 293 260 303 260 315 254 324 263 313 265 1
220 253 230 245 242 245 251 253 241 254 230 253 305 262 315 262 327 258 336 267 325 266 0
191 252 201 246 212 246 221 253 211 254 200 254 271 255 281 255 293 250 304 259 292 259 0
173 257 179 246 191 246 203 255 192 258 181 259 252 253 262 253 275 243 288 254 274 255 1
171 256 178 245 189 245 201 254 190 257 179 258 250 251 260 251 273 242 285 252 272 253 1
174 259 180 249 191 249 203 257 192 260 182 261 253 255 263 255 276 247 287 256 274 258 1
171 261 178 251 190 251 202 259 191 263 180 264 251 258 261 258 274 249 286 259 273 262 1
169 260 176 251 188 251 199 258 189 262 178 263 250 256 260 256 273 249 284 258 271 261 1
177 260 186 252 198 252 209 259 198 263 187 264 260 259 272 259 284 255 295 263 283 266 1
178 260 187 251 199 251 210 258 199 263 188 264 261 260 272 260 285 254 296 262 283 265 1
176 260 185 252 197 252 208 259 197 263 186 264 259 260 270 260 284 254 295 262 282 265 1
176 260 185 252 196 252 208 259 197 264 186 265 260 260 271 260 284 254 295 263 282 266 1
177 260 186 252 198 252 209 259 198 263 187 264 260 261 271 261 284 254 294 263 282 266 1
177 260 186 253 198 252 209 259 198 264 187 265 261 260 272 260 286 254 296 263 284 266 1
177 261 185 253 197 253 208 259 197 264 187 265 260 261 271 261 283 256 294 263 282 266 1
176 263 185 255 197 255 208 262 197 265 186 266 259 263 270 263 282 257 293 265 281 268 1
175 263 183 255 195 255 206 262 195 266 184 267 257 262 268 262 280 257 291 265 279 267 1
173 264 181 256 193 256 204 262 194 266 183 268 255 262 266 262 278 257 289 265 277 268 1
171 264 180 256 191 256 203 263 192 267 181 268 254 262 265 262 277 257 288 265 276 268 1
171 264 180 257 191 257 202 262 192 266 181 268 253 263 264 263 276 257 287 265 275 267 1
171 264 179 257 191 256 202 262 191 266 180 267 253 261 264 261 276 257 287 264 275 266 1
172 264 181 256 193 256 204 263 193 266 182 267 254 262 265 262 277 257 288 265 276 267 1
173 263 182 255 194 255 205 262 194 267 183 267 256 263 267 263 280 256 291 265 278 268 1
175 263 184 255 196 255 207 262 196 266 185 267 259 262 270 262 283 256 294 264 282 267 1
175 262 184 254 197 254 208 262 197 266 185 266 260 262 271 262 284 255 296 264 283 267 1
174 262 183 254 195 255 206 262 195 266 184 267 258 262 268 262 281 256 292 265 280 267 1
174 264 182 256 194 256 206 262 194 266 183 267 257 263 267 263 280 257 292 265 279 268 1
175 263 184 255 196 255 207 262 196 266 185 267 258 262 268 262 281 256 292 265 280 268 1
174 263 183 254 195 255 206 263 195 266 184 267 257 263 268 263 281 256 292 265 279 268 1
174 264 183 255 195 255 207 263 195 267 184 268 257 263 268 263 281 257 292 266 279 269 1
174 264 183 256 195 256 206 263 195 267 184 268 257 263 267 263 280 257 292 266 279 268 1
174 263 183 255 195 255 207 263 195 267 184 268 257 264 267 264 280 256 292 266 279 269 1
173 264 183 255 195 256 206 263 195 267 184 268 256 263 267 263 280 257 292 266 279 268 1
174 264 182 255 194 255 206 263 194 267 183 268 257 263 267 263 280 257 291 265 278 268 1
175 263 184 255 196 255 207 263 196 266 185 267 258 263 269 263 282 257 293 265 280 268 1
175 263 184 255 196 255 208 262 196 266 185 267 258 262 269 262 282 257 293 266 280 268 1
175 263 184 255 196 255 208 262 196 266 185 267 258 262 269 262 282 257 293 266 280 268 1
175 263 184 255 196 256 208 263 196 267 185 268 258 263 269 263 282 257 293 266 281 268 1
176 263 184 255 196 255 208 262 196 266 185 267 259 263 269 263 282 257 293 265 281 268 1
176 263 185 255 197 255 209 263 197 267 186 268 259 263 270 263 283 257 294 266 282 269 1
176 263 185 256 197 256 209 263 197 267 186 268 260 264 271 264 284 258 295 266 282 269 1
175 267 184 266 194 265 205 264 195 267 185 268 260 265 270 265 281 267 292 270 281 269 0
176 264 185 257 197 257 208 264 197 267 186 268 259 264 270 264 283 258 294 267 282 270 1
176 263 185 256 197 256 209 264 197 268 186 268 260 264 271 264 284 258 295 267 283 270 1
176 264 185 256 198 256 209 263 198 267 187 268 261 263 272 263 285 258 296 267 284 269 1
178 263 188 256 200 256 211 263 200 267 189 267 261 264 273 264 286 258 297 267 285 270 1
191 262 200 255 213 255 224 262 213 267 202 267 278 266 289 266 302 260 311 269 300 272 1
193 262 202 255 215 255 226 263 215 267 203 267 280 266 291 266 304 260 314 270 302 272 1
194 262 203 254 216 254 227 263 215 267 204 267 280 266 291 266 304 259 315 269 303 272 1
192 261 201 253 214 253 225 262 213 266 202 266 278 266 289 266 303 258 313 269 301 272 1
192 262 202 254 215 254 225 263 214 267 202 267 279 267 290 267 304 259 314 269 302 272 1
192 261 201 253 214 253 225 263 213 267 201 267 278 266 289 266 303 258 313 268 301 272 1
192 265 201 264 212 263 224 264 212 265 202 266 280 266 289 266 301 268 311 271 300 270 0
194 263 203 260 214 259 225 262 214 263 204 263 280 265 290 265 301 266 309 271 299 269 0
195 262 203 256 215 256 225 262 215 264 205 264 278 265 288 265 300 262 309 270 298 269 0
193 264 201 257 214 257 224 264 213 267 203 268 278 267 289 267 301 262 310 270 300 272 0
195 263 204 255 216 255 226 263 216 267 205 268 281 267 291 267 303 261 312 270 302 273 1
199 263 207 258 219 257 229 262 219 265 209 266 286 264 295 264 307 262 317 268 307 269 0
201 260 210 254 221 254 232 261 222 264 210 265 287 264 298 264 310 259 320 267 309 270 0
202 259 212 251 224 252 236 260 224 264 212 264 290 264 301 264 314 258 324 267 312 270 1
203 258 212 251 224 251 236 259 224 263 213 263 290 264 301 264 313 259 323 267 312 270 1
203 259 213 252 225 252 236 260 225 264 214 265 290 265 300 265 313 259 323 268 312 271 1
202 256 210 250 221 250 231 256 221 260 211 260 287 260 298 260 309 258 317 265 307 267 0
200 250 210 242 223 242 232 252 222 255 211 255 286 256 297 256 311 248 319 258 309 260 1
199 250 209 239 223 239 233 251 222 254 210 254 286 255 297 255 311 245 320 257 309 259 1
199 249 209 238 223 238 233 250 222 253 210 253 284 254 296 254 311 244 319 256 309 258 1
197 249 207 238 222 238 232 249 221 253 208 253 284 253 296 253 311 243 319 256 308 258 1
198 249 208 237 223 237 234 249 222 253 209 253 284 253 296 253 310 242 319 255 308 258 1
200 250 210 239 224 239 234 250 223 253 211 253 287 254 298 254 313 244 322 257 311 258 1
200 255 209 254 220 253 229 253 219 256 209 256 288 257 298 257 308 261 316 265 307 264 0
202 257 211 255 221 254 231 253 221 255 211 256 290 257 299 257 310 263 320 265 310 263 0
206 255 213 255 223 254 232 252 223 255 214 256 292 257 301 257 310 263 319 265 310 263 0
207 253 214 251 224 250 234 252 225 255 215 255 294 258 303 258 313 259 322 265 311 265 0
211 254 218 250 228 250 238 254 229 257 219 258 297 259 306 259 317 258 326 265 315 266 0
213 254 220 248 231 249 241 254 231 258 222 259 299 259 308 259 320 255 329 264 318 266 0
217 253 224 250 234 250 245 254 235 257 225 257 303 259 312 259 322 258 332 266 320 266 0
212 259 220 259 230 258 240 257 231 261 220 262 300 261 308 261 318 266 327 268 318 269 0
206 262 214 260 224 259 234 259 224 262 214 264 297 263 305 263 315 265 324 268 315 268 0
212 260 220 260 229 258 239 257 230 260 220 261 301 261 308 261 317 266 326 268 317 267 0
215 258 223 258 232 256 243 256 233 259 224 259 302 261 311 261 320 265 330 269 320 267 0
217 257 225 257 234 256 245 255 235 259 226 259 302 260 311 260 320 265 330 268 320 267 0
217 256 225 255 234 254 244 256 235 260 225 260 301 259 310 259 319 260 328 265 318 267 0
210 256 218 254 229 253 239 254 229 257 219 258 298 259 307 259 317 260 326 265 316 264 0
207 255 215 252 226 251 236 254 226 257 216 258 295 259 304 259 314 260 323 264 314 265 0
205 254 214 245 226 246 236 255 225 258 215 258 293 259 303 259 315 252 324 262 313 265 1
205 251 214 243 226 244 237 252 226 256 215 257 293 257 304 257 316 251 325 261 314 263 1
205 255 213 247 226 247 235 255 225 260 214 260 292 260 302 260 315 253 323 262 313 266 1
200 255 209 245 223 245 233 255 222 261 210 261 289 260 299 260 313 252 322 262 311 266 1
201 255 209 246 223 246 233 256 222 261 210 261 287 260 297 260 310 252 320 262 309 265 1
200 257 209 248 222 248 232 257 222 262 210 263 288 261 298 261 311 254 321 263 310 267 1
199 257 208 248 221 248 232 257 221 262 209 262 287 262 298 262 311 254 321 264 310 267 1
200 258 209 249 222 249 233 258 221 263 209 263 287 262 298 262 311 254 321 264 310 268 1
201 260 210 252 222 252 232 260 222 264 211 264 289 264 299 264 312 258 321 266 310 269 1
201 259 210 252 222 252 232 259 222 264 211 264 289 264 300 264 312 258 321 266 311 269 1
202 258 211 252 222 252 231 259 222 262 211 262 289 263 299 263 310 258 319 266 309 267 1
205 262 213 260 224 259 234 261 224 264 214 264 292 266 301 266 312 266 320 269 312 270 0
202 259 212 252 224 251 234 259 223 264 212 264 289 264 300 264 312 258 320 266 310 269 1
202 259 211 252 223 252 234 259 223 264 212 264 289 264 299 264 312 258 321 266 310 269 1
201 259 211 252 223 252 233 259 223 264 212 264 289 264 300 264 312 258 322 266 311 270 1
202 258 211 251 223 251 234 259 223 264 212 264 290 263 300 263 312 258 321 266 311 270 1
202 258 211 250 224 250 234 259 223 263 212 264 290 264 300 264 312 257 321 266 311 270 1
202 258 210 249 223 250 233 259 222 264 211 264 289 264 299 264 312 256 321 266 311 270 1
202 258 210 250 223 250 233 259 223 264 211 264 289 264 299 264 312 257 321 266 311 269 1
202 258 210 249 224 250 233 259 222 264 211 264 290 264 299 264 313 256 322 267 311 270 1
203 259 211 249 225 249 235 260 224 265 212 265 289 265 299 265 312 256 322 266 311 271 1
202 259 210 250 224 250 233 260 223 265 211 265 290 265 299 265 313 256 321 267 311 271 1
202 259 210 250 224 250 234 260 222 265 211 265 289 266 299 266 312 257 321 268 311 272 1
200 259 209 250 222 250 232 261 221 266 210 265 288 265 298 265 311 257 320 267 310 271 1
200 260 209 250 222 251 232 260 221 266 210 266 288 265 298 265 311 257 320 267 310 271 1
201 259 209 250 223 250 233 260 222 265 210 265 288 265 298 265 311 258 321 267 310 271 1
201 259 210 250 223 250 234 260 223 265 211 265 289 265 299 265 312 257 322 267 311 270 1
201 259 210 250 223 251 234 261 222 266 211 266 289 265 299 265 312 257 322 267 311 271 1
202 259 211 251 224 251 234 260 223 266 211 266 289 265 299 265 312 258 321 267 311 271 1
203 260 212 252 225 253 235 262 224 267 213 267 290 266 300 266 312 259 321 269 311 272 1
202 260 211 252 223 252 233 261 223 265 212 265 289 265 299 265 312 259 320 268 310 271 1
202 260 211 252 223 252 233 261 223 266 211 266 290 266 300 266 313 259 321 268 311 272 1
202 260 211 252 223 253 233 261 223 266 212 266 291 266 300 266 312 260 321 269 311 272 1
202 260 211 253 223 253 233 261 223 266 212 266 290 265 300 265 312 260 321 268 311 272 1
202 260 211 253 223 253 233 261 223 266 212 266 290 266 300 266 312 260 320 268 310 272 1
202 260 210 253 222 253 233 261 222 266 211 266 290 266 300 266 312 260 321 268 311 272 1
202 261 211 254 223 254 234 262 223 266 212 267 289 267 299 267 312 261 321 269 311 273 1
201 260 210 251 224 251 234 261 222 266 211 266 288 266 299 266 312 257 321 267 311 272 1
201 259 210 250 223 250 233 260 222 265 211 265 288 265 298 265 311 257 321 267 310 270 1
205 261 214 258 224 257 234 258 225 263 215 264 288 263 298 263 309 262 316 268 307 268 0
202 256 213 249 226 248 235 258 225 263 213 263 290 263 301 263 314 254 322 263 313 268 1
199 257 208 249 222 249 232 259 221 263 209 263 287 264 297 264 311 255 320 265 310 269 1
200 257 209 247 223 248 233 258 222 263 210 263 287 263 297 263 311 253 321 264 310 268 1
200 256 209 247 222 247 232 257 221 261 210 262 288 261 297 261 311 253 320 263 309 267 1
200 255 209 246 223 247 233 257 222 261 210 261 287 262 297 262 311 253 320 264 309 268 1
200 254 209 246 222 246 232 256 221 260 210 261 287 260 297 260 310 252 320 261 309 266 1
201 253 209 245 222 245 233 254 222 259 210 259 287 259 298 259 311 251 320 260 310 265 1
200 252 208 244 221 245 232 253 221 258 210 258 287 258 297 258 310 251 320 260 309 264 1
202 253 210 246 222 246 233 253 222 258 211 258 287 257 298 257 310 252 319 260 309 264 1
201 252 209 245 221 245 232 252 221 257 210 257 287 257 297 257 309 252 318 260 308 264 1
201 253 209 245 221 245 233 253 222 257 210 257 287 257 297 257 309 252 318 260 308 264 1
200 251 209 243 222 243 232 252 221 256 209 257 285 257 296 257 309 249 318 259 307 263 1
200 251 209 243 222 243 233 252 222 257 210 257 286 258 296 258 309 250 319 260 308 263 1
201 253 210 247 221 247 231 252 221 256 211 256 285 257 295 257 306 254 316 260 306 262 1
201 250 210 242 223 242 233 251 222 255 211 255 286 256 296 256 309 249 318 259 307 262 1
201 250 210 241 222 242 232 250 222 254 210 255 285 255 295 255 308 248 318 258 307 261 1
200 249 209 241 222 241 232 250 221 254 210 254 285 255 295 255 308 248 318 258 306 261 1
200 249 209 241 222 241 233 250 221 254 210 255 284 255 295 255 308 248 318 258 307 261 1
199 249 208 240 221 241 232 250 221 254 209 254 284 255 295 255 308 247 318 257 307 260 1
200 249 209 241 221 241 232 249 221 253 210 254 285 254 295 254 308 247 317 256 306 260 1
200 250 209 243 221 243 232 249 221 254 210 254 285 254 295 254 307 249 317 257 306 260 1
200 250 209 243 221 243 232 250 221 254 210 254 285 254 295 254 308 249 318 257 307 260 1
200 250 209 242 220 243 231 250 220 254 210 254 284 254 294 254 306 248 315 258 305 260 1
200 251 209 244 221 244 231 251 221 255 210 255 285 256 296 256 307 251 317 259 306 262 1
201 251 210 244 221 244 232 251 222 255 211 256 285 255 296 255 308 250 317 259 307 262 1
201 251 209 243 221 244 232 251 221 255 210 255 285 255 296 255 308 250 318 259 307 261 1
200 252 209 245 221 245 232 252 221 256 210 256 285 257 296 257 308 251 317 260 307 263 1
201 252 210 245 221 245 232 252 221 256 210 257 285 256 296 256 308 251 317 260 306 263 1
202 250 211 241 225 241 235 250 224 255 212 255 287 255 298 255 311 248 320 258 310 262 1
203 249 213 240 226 240 236 250 225 255 213 254 288 255 300 255 314 248 323 259 312 262 1
204 250 214 240 227 241 238 250 226 254 214 254 289 256 301 256 314 249 323 259 312 263 1
203 250 213 241 226 241 236 251 226 256 214 255 289 256 300 256 314 248 323 259 312 263 1
202 250 210 241 224 241 234 251 223 255 211 255 287 256 297 256 311 248 320 259 309 262 1
202 251 212 242 225 242 235 252 224 256 212 256 288 257 298 257 312 249 321 260 310 263 1
202 250 211 241 225 242 235 251 224 256 212 256 288 257 299 257 312 249 322 259 310 263 1
202 250 212 242 225 243 235 252 224 256 212 256 288 258 299 258 312 250 321 260 310 264 1
204 250 213 241 226 242 236 251 225 256 214 255 289 257 300 257 313 249 322 260 311 264 1
203 248 213 238 227 238 238 249 226 254 214 254 288 255 300 255 315 246 324 258 313 261 1
202 251 211 241 225 241 235 251 224 255 212 255 288 256 299 256 313 248 322 260 311 262 1
201 252 210 243 224 244 234 254 223 258 210 258 287 259 298 259 312 250 322 261 310 265 1
201 252 210 243 223 243 233 252 222 257 211 257 287 257 297 257 310 250 320 260 309 264 1
200 253 209 246 222 246 232 254 221 257 210 258 286 258 296 258 308 252 317 261 306 264 1
195 254 205 247 217 247 227 254 216 258 205 258 282 258 292 258 304 252 313 261 302 263 1
195 255 204 248 216 249 226 255 215 259 204 259 280 259 290 259 302 254 311 262 301 264 1
195 255 204 249 216 249 226 256 215 259 204 260 280 259 290 259 302 254 311 261 300 264 1
195 256 204 248 216 249 227 256 216 259 204 260 281 259 290 259 302 254 312 262 301 264 1
194 260 203 259 214 258 224 257 214 260 204 261 281 261 290 261 300 264 309 267 299 266 0
194 256 203 249 216 249 226 257 215 261 204 261 281 261 291 261 303 255 312 264 301 266 1
225 266 235 259 248 260 258 267 247 270 235 269 308 268 319 268 331 264 340 272 329 275 0
235 267 245 260 257 261 268 268 257 272 245 272 319 270 330 270 342 264 352 272 340 275 0
241 271 249 263 262 263 272 270 262 274 251 275 322 271 333 271 345 265 355 273 343 277 1
228 264 237 257 248 257 259 262 249 265 238 266 308 265 320 265 331 261 341 268 330 269 0
225 266 235 258 247 259 258 267 246 271 235 271 309 268 320 268 332 261 343 270 331 274 1
226 269 235 267 246 266 257 268 246 270 236 271 312 269 322 269 333 269 343 273 332 274 0
224 266 233 259 246 259 257 266 245 270 234 271 309 268 320 268 333 262 343 270 331 274 1
221 266 229 259 241 260 252 267 240 271 230 271 302 271 313 271 326 266 336 275 324 278 1
224 266 233 258 244 259 255 267 244 271 233 271 306 270 317 270 330 264 340 274 328 277 1
223 266 231 258 243 258 255 266 243 270 232 270 305 270 316 270 329 264 340 274 327 277 1
223 266 232 258 244 259 255 266 243 270 232 270 304 270 315 270 328 264 338 273 326 276 1
223 266 232 258 244 259 255 267 243 271 232 271 306 270 316 270 330 264 340 273 327 276 1
223 266 231 258 244 258 255 267 243 270 232 270 305 269 316 269 329 264 340 273 327 276 1
223 266 232 258 244 259 255 267 243 271 233 271 306 270 317 270 330 264 340 273 328 276 1
222 266 231 258 243 259 254 267 243 270 232 270 305 270 315 270 328 264 339 273 326 276 1
223 267 231 258 243 259 254 267 242 271 231 271 306 269 315 269 328 263 340 273 327 275 1
221 267 230 258 242 259 253 268 241 271 230 271 303 270 313 270 326 264 337 274 324 276 1
221 267 229 257 242 259 254 268 241 271 230 271 302 270 312 270 326 263 337 273 324 275 1
220 268 229 259 241 259 253 268 241 272 229 272 302 270 313 270 326 263 338 273 325 276 1
226 268 235 264 247 263 258 268 247 271 236 271 308 270 319 270 330 269 341 275 329 276 0
242 266 252 258 265 258 275 267 264 271 253 271 329 271 339 271 353 264 362 274 351 277 1
238 267 247 260 259 260 270 268 259 272 248 273 325 271 335 271 347 265 356 274 346 277 1
238 267 248 260 260 260 270 268 260 273 249 273 325 271 335 271 348 264 357 274 346 277 1
239 267 248 260 260 260 271 268 260 273 249 273 326 272 336 272 349 265 359 273 348 278 1
239 267 248 260 261 260 271 268 260 273 249 273 327 271 337 271 349 265 359 273 348 277 1
240 268 249 260 262 260 272 268 261 273 250 273 327 272 337 272 350 265 360 274 349 278 1
241 268 250 261 262 260 273 268 262 273 251 273 329 272 338 272 351 265 361 273 350 277 1
242 268 251 261 264 261 274 268 263 273 252 274 329 273 339 273 352 266 362 274 351 278 1
244 271 252 266 264 265 274 270 264 274 254 275 330 273 340 273 352 269 361 275 351 279 0
243 267 251 258 265 258 275 268 264 272 252 272 329 271 339 271 352 262 362 272 351 276 1
241 267 250 257 263 258 274 268 263 272 251 272 328 271 338 271 351 262 361 273 350 276 1
242 268 250 258 264 259 275 269 263 273 252 273 329 272 339 272 353 263 362 272 351 276 1
241 268 250 258 263 258 274 269 262 273 251 273 328 271 338 271 351 262 361 272 350 276 1