0000,151,219,180,220,,241,222,,274,226
0001,150,221,180,223,,240,224,,274,229
0002,151,221,180,223,,241,225,,274,229
0003,150,220,180,223,,240,224,,275,229
0004,151,222,181,223,,240,224,,274,229
0005,151,221,181,223,,241,225,,275,229
0006,151,221,181,222,,241,224,,275,228
0007,151,220,181,222,,240,224,,274,228
0008,151,221,181,223,,241,224,,275,228
0009,151,221,181,223,,241,224,,275,229
0010,151,221,182,223,,240,225,,275,229
0011,151,221,182,223,,240,225,,274,228
0012,151,221,182,223,,240,224,,275,228
0013,151,221,182,223,,240,225,,276,229
0014,150,222,182,223,,241,225,,276,229
0015,150,222,182,224,,241,225,,276,229
0016,150,222,181,223,,240,225,,274,229
0017,152,222,181,224,,241,226,,275,229
0018,151,222,181,224,,240,226,,274,230
0019,151,222,181,224,,240,226,,274,229
0020,151,223,180,225,,239,226,,273,230
0021,148,222,179,224,,238,226,,274,229
0022,148,222,179,224,,238,226,,273,229
0023,147,222,180,225,,237,226,,273,230
0024,148,222,180,224,,238,226,,275,230
0025,148,222,179,224,,238,226,,274,229
0026,148,222,180,225,,238,227,,274,230
0027,148,223,178,225,,238,228,,273,230
0028,148,224,179,224,,237,227,,273,230
0029,147,223,178,224,,237,227,,273,229
0030,148,224,179,224,,238,227,,273,230
0031,147,224,178,225,,236,227,,274,230
0032,147,224,178,225,,238,227,,274,230
0033,147,225,179,226,,237,228,,274,232
0034,147,225,178,225,,236,227,,273,230
0035,150,227,180,227,,239,229,,273,231
0036,150,225,181,225,,240,228,,277,230
0037,150,227,183,228,,242,230,,280,232
0038,150,227,183,228,,242,231,,280,233
0039,150,227,183,228,,241,231,,279,233
0040,150,227,182,228,,241,230,,279,232
0041,150,229,181,229,,241,232,,277,235
0042,147,231,180,230,,239,233,,276,235
0043,147,230,180,230,,239,232,,277,234
0044,148,229,182,229,,241,232,,280,234
0045,150,229,184,229,,243,232,,281,234
0046,143,224,174,226,,233,227,,268,230
0047,142,223,174,226,,233,227,,269,230
0048,142,225,173,228,,232,229,,268,232
0049,140,227,172,231,,231,232,,266,235
0050,141,229,172,232,,231,234,,267,235
0051,141,230,172,233,,231,235,,268,236
0052,141,230,171,233,,231,235,,266,236
0053,140,230,171,233,,232,235,,267,236
0054,141,230,171,233,,231,236,,267,238
0055,140,230,172,234,,232,236,,268,238
0056,142,231,172,233,,234,236,,269,237
0057,140,231,172,234,,233,236,,269,238
0058,141,231,172,235,,233,237,,269,238
0059,142,231,173,234,,233,237,,269,238
0060,141,230,172,234,,232,237,,268,239
0061,141,231,172,235,,233,238,,268,239
0062,140,232,172,235,,232,238,,268,239
0063,141,233,172,236,,232,238,,267,239
0064,139,232,171,235,,232,238,,268,238
0065,140,232,170,235,,231,237,,266,238
0066,140,233,171,235,,231,238,,267,239
0067,139,233,170,236,,231,238,,266,239
0068,139,233,170,236,,231,238,,267,239
0069,140,233,171,237,,232,238,,267,239
0070,140,233,171,236,,232,238,,268,239
0071,140,234,171,237,,233,239,,268,241
0072,148,232,179,235,,237,239,,274,240
0073,144,217,174,219,,233,222,,270,225
0074,143,217,174,220,,232,221,,267,225
0075,136,222,168,224,,225,224,,261,228
0076,135,223,165,225,,224,225,,259,229
0077,135,224,164,226,,223,226,,258,229
0078,133,225,163,227,,222,226,,257,230
0079,133,227,162,229,,223,229,,256,233
0080,130,230,160,232,,220,232,,254,233
0081,131,230,161,232,,221,232,,255,233
0082,131,230,162,232,,221,231,,256,233
0083,130,230,162,231,,220,231,,256,232
0084,130,230,161,231,,219,231,,255,232
0085,130,230,163,232,,220,231,,257,232
0086,130,229,162,231,,220,231,,256,232
0087,131,229,163,232,,221,231,,257,233
0088,131,231,163,232,,220,232,,257,233
0089,131,230,163,232,,221,231,,257,233
0090,131,230,163,232,,221,232,,257,233
0091,131,231,163,233,,221,232,,256,234
0092,130,230,162,232,,221,232,,257,233
0093,131,231,163,232,,221,232,,257,233
0094,130,230,163,232,,221,233,,258,234
0095,130,231,162,233,,221,233,,257,234
0096,131,234,161,235,,221,234,,256,237
0097,131,235,162,236,,221,236,,255,237
0098,130,233,161,234,,221,234,,257,236
0099,128,233,161,234,,219,234,,257,234
0100,128,234,160,236,,220,235,,255,236
0101,158,215,186,216,,237,216,,271,219
0102,159,213,191,214,,246,218,,283,223
0103,160,214,191,217,,248,220,,283,225
0104,160,220,191,223,,247,227,,283,230
0105,160,220,190,224,,247,227,,282,231
0106,159,220,191,224,,247,228,,283,231
0107,160,220,191,224,,247,228,,282,232
0108,160,220,191,224,,247,228,,283,231
0109,160,220,191,224,,247,228,,283,232
0110,160,220,191,224,,247,228,,283,231
0111,161,220,192,224,,248,228,,283,232
0112,160,220,191,224,,247,227,,282,231
0113,155,223,186,226,,242,230,,278,234
0114,155,225,185,227,,243,231,,277,235
0115,153,228,183,231,,242,235,,277,237
0116,152,227,184,230,,240,233,,277,236
0117,157,235,185,236,,243,234,,276,237
0118,156,241,185,242,,244,241,,277,243
0119,155,244,185,246,,244,246,,278,246
0120,158,249,191,253,,248,254,,284,252
0121,157,250,190,253,,248,254,,284,253
0122,158,250,191,253,,248,254,,284,253
0123,158,250,190,253,,249,255,,285,253
0124,158,250,191,254,,249,255,,286,253
0125,159,250,191,254,,249,255,,285,254
0126,158,249,190,253,,248,254,,284,253
0127,158,250,191,253,,249,255,,285,253
0128,158,250,191,254,,249,256,,286,254
0129,158,251,191,253,,249,255,,286,253
0130,158,251,190,253,,249,254,,284,255
0131,158,251,192,254,,250,255,,287,255
0132,158,252,191,253,,248,255,,284,255
0133,151,250,185,254,,241,255,,277,255
0134,143,250,171,252,,231,252,,266,251
0135,142,244,172,245,,228,248,,265,250
0136,132,251,162,252,,219,251,,256,249
0137,142,253,174,252,,240,246,,278,241
0138,138,257,171,254,,235,247,,275,243
0139,198,256,231,255,,301,253,,338,252
0140,195,257,227,255,,297,253,,334,251
0141,195,257,229,256,,299,254,,335,252
0142,196,255,231,254,,297,253,,336,253
0143,181,266,218,265,,282,264,,322,264
0144,178,279,211,281,,278,278,,315,276
0145,175,282,207,283,,278,280,,314,277
0146,172,280,206,281,,277,276,,314,274
0147,172,266,208,265,,274,262,,314,260
0148,174,260,211,259,,275,256,,315,254
0149,173,260,210,259,,276,255,,315,254
0150,172,260,210,258,,274,255,,315,253
0151,173,260,212,259,,275,256,,317,253
0152,175,260,213,259,,277,256,,318,253
0153,187,256,227,257,,290,255,,331,255
0154,150,265,188,263,,252,258,,293,256
0155,148,264,186,262,,248,256,,289,254
0156,142,266,180,264,,242,257,,283,254
0157,135,264,175,260,,236,251,,278,249
0158,129,174,170,168,,233,163,,279,164
0159,122,127,164,124,,244,117,,291,115
0160,121,147,162,141,,243,137,,288,129
0161,109,170,153,163,,236,160,,284,156
0162,95,181,138,176,,224,175,,273,168
0163,84,200,127,198,,210,197,,255,188
0164,84,221,124,221,,208,216,,253,212
0165,91,219,135,218,,214,214,,265,209
0166,95,211,139,210,,216,207,,267,204
0167,97,206,140,206,,218,201,,269,199
0168,97,208,140,207,,220,201,,269,198
0169,102,208,146,208,,223,204,,273,199
0170,108,208,152,206,,232,204,,280,202
0171,119,208,164,208,,244,203,,293,200
0172,125,213,172,212,,256,206,,304,205
0173,140,233,186,233,,269,229,,314,226
0174,140,234,182,236,,264,232,,307,228
0175,138,237,180,237,,260,232,,306,230
0176,137,237,179,237,,259,232,,304,230
0177,135,236,177,234,,257,230,,303,229
0178,134,233,175,230,,254,227,,300,226
0179,132,230,174,228,,252,225,,299,224
0180,129,230,172,229,,250,224,,298,222
0181,129,231,172,229,,249,224,,296,222
0182,129,229,171,227,,248,223,,296,221
0183,130,230,172,227,,250,223,,297,222
0184,130,229,170,226,,251,222,,297,221
0185,130,229,170,226,,250,223,,296,221
0186,129,230,170,227,,249,224,,296,220
0187,130,231,170,227,,248,224,,296,221
0188,130,232,170,227,,249,224,,296,222
0189,129,232,170,227,,249,224,,296,222
0190,129,232,170,228,,248,224,,295,222
0191,128,232,169,228,,247,225,,294,224
0192,128,232,169,228,,247,226,,294,223
0193,128,232,168,229,,247,226,,293,223
0194,127,233,168,230,,246,227,,293,225
0195,127,233,169,230,,246,226,,293,224
0196,127,232,169,228,,246,225,,293,223
0197,128,231,169,228,,247,224,,294,222
0198,127,229,171,226,,247,223,,295,221
0199,127,230,170,227,,245,223,,294,220
0200,126,228,170,226,,244,223,,293,219
0201,126,227,170,225,,245,222,,293,218
0202,126,228,170,226,,244,221,,293,217
0203,126,226,169,223,,245,219,,294,216
0204,127,222,171,221,,246,217,,294,214
0205,126,223,170,222,,246,217,,295,214
0206,126,224,170,222,,244,217,,294,215
0207,126,224,170,221,,245,217,,294,214
0208,125,224,171,222,,245,218,,295,215
0209,127,224,171,223,,246,219,,295,215
0210,126,226,169,225,,245,221,,295,216
0211,123,225,166,225,,239,219,,288,214
0212,117,227,158,226,,234,221,,281,216
0213,116,229,155,228,,230,222,,276,218
0214,114,229,154,227,,229,221,,275,217
0215,112,228,153,227,,227,222,,274,216
0216,112,228,151,227,,225,221,,272,216
0217,111,229,150,228,,225,222,,271,217
0218,111,230,151,228,,226,222,,272,218
0219,112,228,151,227,,227,220,,272,217
0220,112,229,152,228,,227,221,,274,217
0221,115,227,155,226,,229,220,,276,215
0222,116,225,156,223,,231,216,,277,212
0223,114,227,154,225,,228,218,,274,214
0224,116,227,157,225,,229,219,,275,215
0225,133,224,173,221,,251,215,,297,213
0226,154,223,198,221,,280,215,,321,212
0227,162,222,206,220,,287,216,,328,213
0228,160,221,204,220,,284,217,,326,212
0229,157,222,200,220,,281,216,,322,213
0230,157,222,200,220,,280,217,,321,213
0231,156,222,199,221,,279,217,,321,213
0232,155,222,199,222,,278,217,,320,213
0233,152,222,196,222,,275,217,,317,212
0234,149,224,193,222,,273,218,,314,213
0235,145,224,190,223,,268,218,,311,213
0236,143,225,187,224,,265,218,,309,213
0237,140,226,186,224,,263,218,,307,213
0238,141,225,185,223,,263,218,,307,213
0239,140,224,185,223,,263,218,,306,212
0240,142,224,185,223,,264,218,,307,213
0241,142,226,186,224,,265,219,,308,215
0242,142,226,187,225,,265,220,,309,215
0243,141,227,187,225,,264,220,,309,216
0244,141,228,185,226,,264,221,,307,217
0245,140,227,185,225,,263,220,,308,216
0246,141,228,185,226,,265,221,,308,216
0247,139,227,185,225,,264,219,,308,214
0248,141,227,186,225,,264,220,,308,216
0249,140,228,185,225,,264,221,,308,216
0250,140,228,185,226,,262,220,,306,215
0251,139,228,183,226,,263,221,,306,216
0252,138,229,183,227,,261,221,,305,215
0253,137,230,182,227,,261,221,,305,216
0254,138,228,182,226,,260,220,,304,216
0255,137,227,182,225,,259,219,,304,215
0256,136,228,180,224,,258,219,,302,215
0257,136,229,180,227,,258,221,,303,215
0258,133,230,178,228,,256,222,,300,217
0259,136,232,180,229,,257,224,,301,219
0260,133,232,179,229,,256,224,,301,219
0261,135,233,178,230,,255,225,,300,219
0262,133,233,176,230,,255,225,,299,220
0263,132,234,176,231,,253,225,,298,221
0264,133,233,174,230,,254,224,,296,220
0265,113,216,158,214,,232,204,,277,203
0266,94,210,137,204,,207,191,,253,188
0267,89,213,124,205,,190,192,,231,186
0268,74,225,107,216,,172,203,,213,199
0269,75,227,110,220,,175,208,,217,205
0270,81,227,115,222,,180,212,,221,210
0271,84,224,119,221,,183,213,,227,211
0272,78,225,113,221,,182,214,,227,212
0273,70,223,107,221,,178,215,,226,214
0274,69,227,105,225,,179,217,,225,216
0275,67,232,102,232,,178,225,,224,222
0276,65,234,100,233,,175,228,,222,225
0277,60,236,96,236,,172,229,,218,225
0278,57,238,94,236,,168,228,,216,225
0279,55,238,94,237,,169,230,,217,226
0280,60,239,93,238,,171,231,,216,229
0281,60,239,97,237,,170,230,,216,226
0282,57,239,94,238,,169,230,,217,225
0283,56,239,92,238,,168,230,,215,225
0284,56,240,94,239,,169,231,,216,225
0285,57,241,95,239,,169,231,,217,226
0286,57,240,95,239,,169,231,,216,226
0287,58,243,95,242,,171,233,,217,229
0288,57,244,95,241,,170,233,,216,229
0289,55,243,94,240,,169,232,,217,227
0290,55,241,94,240,,170,232,,219,226
0291,53,242,93,240,,170,232,,219,225
0292,53,242,94,241,,171,233,,220,227
0293,56,243,96,242,,175,234,,224,228
0294,59,244,99,243,,176,234,,225,229
0295,72,233,107,231,,182,224,,226,222
0296,82,241,110,242,,195,235,,233,232
0297,129,231,168,230,,248,224,,289,222
0298,139,227,177,226,,260,223,,298,219
0299,138,226,177,225,,260,223,,298,219
0300,131,226,171,227,,250,223,,291,219
0301,118,227,157,228,,233,223,,275,220
0302,116,228,156,229,,232,224,,274,220
0303,116,229,155,229,,231,225,,274,221
0304,115,230,153,230,,230,225,,271,222
0305,112,230,152,230,,227,226,,271,222
0306,111,231,150,230,,226,225,,268,222
0307,108,229,147,228,,221,222,,264,219
0308,100,226,142,225,,217,218,,262,219
0309,92,221,130,221,,205,213,,247,209
0310,64,223,101,221,,173,220,,214,213
0311,75,237,114,232,,183,228,,226,224
0312,84,234,123,233,,194,228,,235,222
0313,92,234,134,232,,199,228,,245,222
0314,98,233,138,232,,203,229,,247,223
0315,99,235,139,233,,209,229,,251,223
0316,101,238,141,230,,220,226,,267,225
0317,109,235,159,231,,229,223,,282,221
0318,117,233,166,230,,239,222,,288,218
0319,118,232,166,228,,240,221,,288,218
0320,115,231,163,228,,236,220,,284,217
0321,113,233,160,229,,233,222,,281,218
0322,113,234,160,230,,233,223,,280,219
0323,115,233,162,230,,236,222,,284,219
0324,112,235,158,233,,232,225,,279,222
0325,113,236,157,233,,232,227,,278,224
0326,112,236,156,234,,231,227,,277,223
0327,112,237,156,234,,231,227,,277,223
0328,252,176,290,173,,362,169,,404,168
0329,238,184,276,179,,349,173,,392,170
0330,233,203,273,199,,346,193,,390,191
0331,234,204,274,200,,348,194,,393,193
0332,235,205,276,201,,350,194,,395,192
0333,238,204,278,200,,350,194,,397,192
0334,240,209,279,204,,352,196,,396,196
0335,240,208,281,204,,353,197,,400,195
0336,250,184,283,173,,332,158,,372,150
0337,296,174,317,168,,362,165,,396,163
0338,324,187,346,178,,377,177,,412,176
0339,440,288,465,281,,502,273,,535,271
0340,275,294,320,297,,385,294,,438,288
0341,239,239,272,241,,344,236,,388,232
0342,240,239,272,238,,344,233,,386,230
0343,241,233,276,233,,346,228,,390,224
0344,244,233,278,232,,350,228,,393,224
0345,245,234,278,232,,351,227,,393,225
0346,246,233,280,231,,352,226,,395,223
0347,260,209,298,202,,367,196,,410,192
0348,254,217,293,211,,361,206,,404,202
0349,254,225,293,221,,361,215,,404,211
0350,253,229,292,225,,362,219,,405,215
0351,255,229,293,225,,364,220,,406,216
0352,181,228,220,225,,288,221,,331,219
0353,182,229,221,226,,290,222,,333,221
0354,184,235,223,232,,293,228,,336,227
0355,183,237,222,235,,293,231,,338,229
0356,181,240,219,238,,290,234,,335,232
0357,179,240,217,237,,287,234,,332,231
0358,177,239,215,236,,287,232,,332,229
0359,173,238,214,235,,284,230,,330,226
0360,179,232,220,228,,288,223,,335,221
0361,178,230,219,227,,287,223,,333,221
0362,177,231,217,227,,285,222,,332,220
0363,174,231,215,227,,282,222,,329,219
0364,176,228,215,224,,284,218,,330,216
0365,181,221,219,215,,288,209,,332,209
0366,185,212,223,207,,294,203,,337,202
0367,191,205,229,201,,296,197,,340,197
0368,193,205,229,201,,296,197,,339,197
0369,190,206,226,202,,291,197,,333,197
0370,188,207,225,203,,290,198,,332,198
0371,188,207,225,203,,290,199,,332,199
0372,189,208,225,204,,291,199,,333,199
0373,188,209,224,204,,290,199,,333,198
0374,186,210,222,206,,288,200,,331,200
0375,184,211,219,207,,287,201,,330,201
0376,184,213,221,208,,288,202,,330,202
0377,183,211,220,208,,287,203,,330,201
0378,183,212,220,209,,288,203,,330,202
0379,184,212,220,209,,288,203,,330,202
0380,183,212,220,209,,286,203,,330,202
0381,174,218,207,213,,274,205,,314,204
0382,166,219,200,215,,266,205,,309,204
0383,156,214,183,208,,245,198,,283,196
0384,152,218,176,211,,233,200,,271,197
0385,148,220,176,213,,232,201,,273,197
0386,149,219,177,212,,235,200,,276,195
0387,151,219,179,212,,238,200,,279,196
0388,151,219,179,213,,239,201,,281,196
0389,152,219,181,213,,240,202,,280,197
0390,149,220,180,214,,240,203,,282,199
0391,150,221,180,215,,243,204,,284,200
0392,150,221,180,215,,244,204,,285,200
0393,150,222,179,216,,243,205,,284,201
0394,151,222,181,216,,243,205,,283,201
0395,150,222,179,216,,243,206,,284,201
0396,168,219,200,214,,268,205,,309,203
0397,165,221,197,216,,263,206,,305,203
0398,163,222,196,216,,262,207,,304,205
0399,163,222,195,216,,262,206,,304,204
0400,163,222,195,216,,262,207,,302,205
0401,163,222,195,217,,261,208,,304,206
0402,195,219,230,217,,299,213,,339,214
0403,197,222,231,220,,301,216,,342,215
0404,197,222,232,221,,302,218,,344,217
0406,199,224,235,223,,305,220,,347,220
0407,365,297,394,296,,447,290,,479,288
0408,347,325,373,322,,428,314,,459,307
0409,228,250,266,248,,344,244,,389,246
0410,206,244,242,244,,324,241,,369,241
0411,190,238,229,240,,303,236,,350,236
0412,183,242,219,241,,294,236,,341,235
0413,298,162,329,155,,382,147,,425,143
0414,304,133,331,126,,379,118,,420,113
0415,271,143,300,134,,353,122,,395,116
0416,261,149,292,138,,343,125,,385,120
0417,254,157,288,146,,336,133,,383,126
0418,250,166,278,156,,329,142,,370,136
0419,248,177,271,169,,323,154,,357,147
0420,261,249,297,247,,362,243,,406,242
0421,243,274,274,271,,344,264,,384,262
0422,239,275,271,271,,340,265,,381,264
0423,237,276,271,272,,339,266,,381,264
0424,238,274,272,271,,340,265,,382,262
0425,223,163,258,167,,322,176,,363,180
0426,223,163,259,167,,322,176,,362,181
0427,222,165,257,169,,320,176,,358,181
0428,228,165,263,168,,328,175,,365,180
0429,228,165,264,168,,328,175,,365,181
0430,226,166,260,168,,325,175,,362,180
0431,223,167,259,170,,324,176,,361,182
0432,224,177,259,181,,326,188,,363,191
0433,225,178,259,182,,326,189,,363,193
0434,213,191,250,192,,314,197,,353,199
0435,218,192,252,196,,318,198,,355,197
0436,228,191,264,195,,331,199,,369,199
0437,233,190,269,194,,337,199,,374,200
0438,230,189,265,193,,334,198,,371,198
0439,221,195,257,199,,323,203,,361,204
0440,211,196,247,200,,316,202,,355,202
0441,211,191,247,195,,316,199,,354,199
0442,211,192,246,196,,315,202,,352,200
0443,198,195,234,200,,303,205,,342,205
0444,194,203,229,208,,300,214,,337,213
0445,196,203,232,208,,300,215,,339,214
0446,192,199,229,203,,296,207,,337,208
0447,188,176,224,180,,294,183,,332,181
0448,192,133,229,137,,298,139,,338,136
0449,192,141,229,144,,298,147,,336,144
0450,193,149,228,153,,299,155,,336,153
0451,185,260,220,263,,291,265,,329,264
0452,184,258,219,261,,290,264,,327,262
0453,180,263,215,268,,284,271,,322,268
0454,170,263,205,266,,274,267,,312,268
0455,180,257,217,255,,280,257,,319,259
0456,191,253,226,250,,292,253,,330,256
0457,176,237,213,237,,275,240,,313,244
0458,171,241,207,241,,269,243,,309,246
0459,171,241,208,241,,269,241,,309,244
0460,174,241,212,242,,272,242,,313,245
0461,176,244,212,245,,275,246,,313,248
0462,174,246,209,246,,275,247,,313,249
0463,174,247,210,247,,273,248,,312,251
0464,175,248,213,248,,274,249,,314,252
0465,177,247,213,248,,275,249,,314,251
0466,177,245,213,246,,275,248,,315,250
0467,176,246,214,247,,275,249,,316,250
0468,176,246,214,247,,275,249,,316,251
0469,177,245,215,247,,276,249,,316,251
0470,177,246,215,248,,277,250,,317,251
0471,178,245,215,247,,277,249,,317,251
0472,177,245,215,247,,277,249,,318,251
0473,177,245,215,247,,277,249,,318,251
0474,177,246,214,247,,277,249,,316,252
0475,176,247,215,248,,277,250,,317,252
0476,176,245,214,247,,275,250,,316,251
0477,175,246,214,247,,274,249,,317,251
0478,174,245,213,247,,274,249,,316,251
0479,175,245,213,247,,275,248,,316,250
0480,175,245,214,246,,275,248,,317,250
0481,175,245,214,247,,276,249,,319,250
0482,174,245,214,246,,274,248,,317,249
0483,175,244,214,246,,275,247,,317,249
0484,176,244,214,246,,276,247,,317,249
0485,176,245,215,246,,277,248,,318,250
0486,177,245,215,247,,276,248,,317,250
0487,177,245,216,247,,277,249,,318,251
0488,179,246,217,247,,278,249,,320,251
0489,180,245,218,247,,280,249,,320,252
0490,178,247,216,247,,277,250,,317,251
0491,180,236,218,236,,277,237,,317,238
0492,180,236,218,236,,276,237,,316,238
0493,178,238,217,238,,276,238,,316,239
0494,175,239,213,239,,273,238,,312,239
0495,175,238,214,239,,271,239,,312,240
0496,176,239,214,240,,273,239,,313,240
0497,175,239,215,240,,273,240,,314,241
0498,178,238,216,239,,274,239,,314,241
0499,178,239,217,239,,275,239,,316,240
0500,180,240,218,239,,275,240,,316,242
0501,179,239,218,240,,274,240,,315,242
0502,182,239,222,240,,279,239,,318,241
0503,193,241,232,241,,291,242,,329,244
0504,198,241,237,241,,297,244,,335,245
0505,200,242,239,243,,299,247,,338,248
0506,200,243,240,244,,300,247,,339,249
0507,201,243,240,244,,300,247,,339,248
0508,200,243,240,244,,300,248,,339,249
0509,200,243,239,244,,300,247,,339,249
0510,198,244,239,245,,299,249,,340,249
0511,196,246,236,246,,296,249,,337,250
0512,194,245,235,246,,295,248,,335,249
0513,195,246,235,246,,295,249,,335,249
0514,194,246,235,248,,294,249,,334,250
0515,194,246,234,247,,294,248,,335,249
0516,192,246,233,248,,294,250,,334,250
0517,194,248,235,248,,296,250,,336,251
0518,194,247,235,248,,294,250,,333,252
0519,193,248,233,249,,293,251,,332,252
0520,193,247,233,249,,293,251,,332,252
0521,194,249,234,249,,294,251,,333,251
0522,193,248,234,249,,293,251,,333,252
0523,192,249,232,249,,293,251,,332,252
0524,191,249,232,250,,291,251,,332,252
0525,190,249,231,250,,291,251,,331,252
0526,190,249,230,250,,290,251,,330,252
0527,190,248,231,249,,290,250,,331,251
0528,189,248,230,248,,289,249,,329,249
0529,190,248,229,249,,289,250,,328,251
0530,190,248,229,249,,290,251,,329,252
0531,191,248,230,248,,291,250,,329,251
0532,191,248,230,249,,291,251,,329,252
0533,190,248,230,250,,290,251,,329,252
0534,189,249,230,250,,289,251,,329,252
0535,189,249,229,249,,288,250,,328,250
0536,188,249,230,250,,288,251,,329,251
0537,189,250,230,250,,289,251,,330,251
0538,189,250,229,250,,289,251,,330,251
0539,188,250,230,250,,288,251,,330,252
0540,188,249,229,250,,288,251,,328,251
0541,187,250,229,250,,288,251,,329,252
0542,187,250,228,250,,287,251,,328,251
0543,186,250,227,250,,286,251,,326,251
0544,184,250,225,251,,285,252,,325,251
0545,184,250,225,250,,283,251,,323,251
0546,182,251,223,251,,283,251,,323,252
0547,181,250,222,251,,281,251,,322,251
0548,181,250,222,251,,281,251,,321,250
0549,181,251,222,250,,281,250,,322,251
0550,183,251,222,251,,282,251,,321,252
0551,182,250,222,251,,282,251,,321,252
0552,182,250,221,252,,281,252,,321,252
0553,181,251,221,252,,281,252,,321,252
0554,182,251,222,252,,282,252,,321,252
0555,182,250,222,251,,282,251,,321,252
0556,183,251,223,251,,282,252,,322,253
0557,182,250,222,251,,282,252,,322,252
0558,183,250,222,252,,282,252,,321,252
0559,183,251,223,251,,282,252,,322,253
0560,183,250,223,251,,282,251,,322,252
0561,184,251,224,252,,282,253,,323,254
0562,183,251,223,252,,283,252,,324,252
0563,183,251,222,252,,283,252,,322,253
0564,182,252,223,252,,283,252,,323,251
0565,181,251,222,252,,282,252,,322,251
0566,181,251,221,252,,282,252,,322,252
0567,180,251,220,252,,280,252,,320,252
0568,180,250,220,251,,280,252,,319,251
0569,178,251,220,251,,279,251,,321,250
0570,179,251,220,252,,279,251,,320,251
0571,179,251,220,252,,279,251,,320,251
0572,180,251,221,251,,280,251,,321,251
0573,178,238,219,237,,278,238,,318,239
0574,181,231,221,229,,279,231,,319,233
0575,182,227,222,225,,277,226,,319,229
0576,184,224,223,221,,278,223,,319,225
0577,185,222,224,219,,280,221,,321,223
0578,188,221,226,218,,282,219,,321,222
0579,189,220,226,216,,282,218,,322,221
0580,189,220,225,216,,280,217,,320,221
0581,187,219,224,216,,279,217,,320,220
0582,187,219,225,216,,280,217,,322,220
0583,188,219,226,216,,281,216,,323,220
0584,188,220,226,216,,279,217,,320,221
0585,187,221,226,218,,280,218,,320,222
0586,188,221,225,217,,280,218,,320,221
0587,186,222,224,218,,279,219,,319,222
0588,186,223,223,220,,278,220,,319,222
0589,186,223,223,219,,279,220,,319,223
0590,184,223,222,220,,278,220,,318,222
0591,184,223,222,220,,277,220,,318,222
0592,183,224,220,221,,275,221,,316,223
0593,182,226,219,222,,275,222,,315,224
0594,182,228,218,224,,274,223,,314,225
0595,181,228,219,225,,274,223,,313,226
0596,181,228,219,225,,274,224,,315,226
0597,182,228,219,226,,275,225,,315,226
0598,182,229,221,225,,275,225,,315,228
0599,183,229,220,225,,275,225,,315,227
0600,182,229,220,225,,275,225,,315,227
0601,181,230,220,226,,274,226,,315,228
0602,181,230,219,227,,275,226,,314,229
0603,181,231,219,228,,275,227,,315,230
0604,181,231,219,228,,275,227,,314,230
0605,180,230,218,228,,274,228,,314,230
0606,179,231,217,228,,273,228,,313,229
0607,178,231,217,229,,273,228,,314,229
0608,178,232,217,229,,273,228,,314,229
0609,178,232,217,230,,273,229,,314,230
0610,178,232,216,230,,273,229,,312,230
0611,177,232,215,230,,272,229,,312,231
0612,177,232,216,229,,272,229,,312,230
0613,178,233,216,230,,272,229,,312,231
0614,178,233,217,231,,273,230,,313,231
0615,178,234,217,232,,273,230,,313,232
0616,177,237,215,234,,273,232,,311,233
